0.0 0.0 0.0 0.0 -0.41065689950844486 0.0 0.4071009410871609 0.0 0.0 0.0 
0.0 0.0 0.0 0.0 -0.3606770266266669 0.0 0.08552748721958911 0.0 0.0 0.0 
0.0 0.0 0.0 0.0 -0.32560214035185275 0.0 0.15337556632319058 0.0 0.0 0.0 
0.0 0.0 0.0 0.0 0.7193863437841752 0.0 -0.5463686508710642 0.0 0.0 0.0 
0.0 0.0 0.0 0.0 0.0 0.0 0.0 0.0 0.0 0.0 
0.0 0.0 0.0 0.0 0.0 0.0 0.0 0.0 0.0 0.0 
0.0 0.0 0.0 0.0 1.0592902991797997 0.0 -0.6658197121954259 0.0 0.0 0.0 
0.0 0.0 0.0 -1.2275050135037482 0.0 0.0 0.0 0.0 0.0 2.1717890411594007 
0.0 0.0 0.0 0.0 0.0 0.0 0.0 0.0 0.0 0.0 
0.0 0.0 0.0 -1.0044137641752748 0.0 0.0 0.0 0.0 0.0 1.9012410902318027 
0.0 0.0 0.0 0.0 0.0 0.0 0.0 0.0 0.0 0.0 
0.0 0.0 0.0 0.0 -0.335475088063961 0.0 0.24665470625652242 0.0 0.0 0.0 
0.0 0.0 0.0 0.0 -0.44509250542186973 0.0 0.41020495981736255 0.0 0.0 0.0 
0.0 0.0 0.0 0.0 0.09882701700882035 0.0 -0.27248429675343805 0.0 0.0 0.0 
0.0 0.0 0.0 0.0 0.0 0.0 0.0 0.0 0.0 0.0 
0.0 0.0 0.0 0.0 0.0 0.0 0.0 0.0 0.0 0.0 
0.0 0.0 0.0 -2.253087387576121 0.0 0.0 0.0 0.0 0.0 3.464628396276838 
0.0 0.0 0.0 0.0 0.0 0.0 0.0 0.0 0.0 0.0 
0.0 0.0 0.0 0.8234895925478807 0.0 0.0 0.0 0.0 0.0 0.0 
0.0 0.0 0.0 0.0 0.0 0.0 0.0 0.0 0.0 0.0 
0.0 0.0 0.0 0.3688252251811125 0.0 -0.7384367625609516 0.0 -1.1172927468480538 -1.462029821183136 0.0 
0.0 0.0 0.0 -0.36318148606971734 0.0 0.0 0.7900414805925603 0.0 0.0 -0.4357901943625063 
0.0 0.0 0.0 0.17924936233046493 0.0 -0.8197690634670691 0.0 0.3092181126587798 0.0 0.0 
0.0 0.0 0.0 0.0 0.0 -2.143043677346294 0.0 -0.649962053248008 -0.9742782752471433 0.0 
0.0 0.0 0.0 0.662306449168585 0.0 -0.9433095073723085 0.0 -0.8476388202253817 -1.3729151604253618 0.0 
0.0 0.0 0.0 0.0 0.0 0.0 0.0 0.0 0.0 0.0 
0.0 0.0 0.0 -0.2727943929011029 0.0 0.0 0.12536250632526066 0.0 0.0 -0.11316918099612279 
0.0 0.0 0.0 0.5498400598276599 0.0 0.0 -0.10094638143413052 0.0 0.0 0.07364811536189272 
0.0 0.0 0.0 0.0 0.0 -0.8644995897671022 0.0 -0.18166377416805887 0.0 0.0 
0.0 0.0 0.0 -0.1361636297929585 0.0 0.0 0.5114676748671286 0.0 0.0 0.06820016076036733 
0.0 0.0 0.0 0.10639912789418696 0.0 0.0 -0.1857646610770472 0.0 0.0 0.39488740144689566 
0.0 0.0 0.0 0.8676363753069618 0.0 0.0 0.1244349307082051 0.0 0.0 -0.125123386863965 
0.0 0.0 0.0 0.0 0.0 0.0 0.0 0.0 0.0 0.0 
0.0 0.0 0.0 0.0 0.0 -1.237779107292367 0.0 -0.6718159345850049 -1.7042645775621634 0.0 
0.0 0.0 0.0 0.0 0.0 0.0 0.0 0.0 0.0 0.0 
0.0 0.0 0.0 0.0 0.0 0.0 0.0 0.0 0.0 0.0 
0.0 0.0 0.0 0.33524567480465906 0.0 0.0 -0.7250329002152062 0.0 0.0 0.00531437280929431 
0.0 0.0 0.0 0.0 0.0 -0.8676514638970662 0.0 1.0375120741151413 0.0 0.0 
0.0 0.0 0.0 0.7593803476533784 0.0 -0.33409611664766764 0.0 0.0 0.0 -0.40357659702286286 
0.0 0.0 0.0 0.0 0.0 0.0 0.0 0.0 0.0 0.0 
-1.46353763342426 0.0 0.0 0.0 0.0 0.0 0.2268144310183644 -0.4135115732606449 2.079351355279558 0.0 
0.0 0.0 0.0 0.034539469643173226 0.0 0.8150507270109808 0.0 0.0 0.0 -0.9986363504562246 
0.0 -2.307672584942635 3.2325448364413987 0.0 0.0 0.0 0.0 0.0 0.0 0.0 
0.0 0.0 0.0 0.7118373710906652 0.0 0.5787074059695767 0.0 0.0 0.0 -0.7897065052831248 
-2.5817527111631233 0.0 0.0 0.0 0.0 0.0 1.1338250632980158 -0.914190800193573 3.4781747293761636 0.0 
0.0 0.0 0.0 0.0 0.0 0.0 0.0 0.0 0.0 0.0 
0.5683608617953837 -0.41260489825131 2.0332267511102877 0.0 0.0 0.0 0.0 0.0 0.09216824567090992 0.0 
0.0 -0.4036033700582028 0.61441806953539 0.0 0.0 0.0 0.0 0.0 0.0 0.0 
0.0 0.0 0.0 0.0 0.0 0.0 0.0 0.0 0.0 0.0 
0.0 -2.458572553247132 2.6741751388456283 0.7662413537877859 0.0 0.0 -0.3965288116745215 0.9963738962179067 0.0 0.0 
0.0 -1.3930302718515148 1.3628567231240165 0.0 0.0 0.0 0.0 0.0 0.0 0.0 
0.0 1.3612833059359177 -1.531700165840583 0.0 0.0 0.0 0.0 0.0 0.0 0.0 
-0.37016056717892765 0.0 0.0 0.0 0.0 0.0 -0.16366102556250472 0.6398030941016845 0.9032997885566678 0.0 
-0.26681254513285446 0.0 0.0 0.0 0.0 0.0 0.5209998305571297 -0.3395165007342108 1.2929166853948062 0.0 
0.0 2.847303843202617 -4.558142424122146 -0.06156535082382492 0.0 1.8467960922898723 0.0 0.0 0.0 -1.5119760373400815 
-1.6294886807849438 0.0 0.0 0.0 0.0 0.0 0.7892706959632156 -0.12928136331807794 2.5242451731593456 0.0 
-0.04577462882737865 0.0 0.0 0.0 0.0 0.0 0.09383411161260694 -0.11829048250361768 0.8065464490757452 0.0 
0.0 1.970802078099979 -3.2862584813165405 0.0 0.0 0.0 0.0 0.0 0.0 0.0 
0.0 0.7960944511122807 -0.5411204477774509 0.0 0.0 0.0 0.0 0.0 0.0 0.0 
0.0 0.0 0.0 0.0 0.0 0.0 0.0 0.0 0.0 0.0 
0.0 0.0 0.0 0.0 0.0 0.0 0.0 0.0 -1.1958416084495613 -0.293567726308539 
0.0 0.0 0.0 0.0 0.0 0.0 0.0 0.0 -1.0775496819395465 -0.13513717619489612 
0.0 0.0 0.0 0.0 0.0 0.0 0.0 0.0 0.6691571537609831 -0.8947344809206464 
0.0 0.0 0.0 -0.09073654658446217 0.0 -0.5470217591567573 0.0 0.0 0.0 0.0 
0.0 0.0 0.0 0.0 0.0 0.0 0.0 0.0 -1.2895937356029104 -0.0660263901916148 
0.0 0.0 0.0 0.0 0.0 -0.4762320022513643 0.0 0.0 0.0 0.25309669926901124 
0.0 0.0 0.0 0.0 0.0 0.0 0.0 0.0 -1.191401170514333 -0.24845704639552896 
0.0 0.0 0.0 0.0 0.0 0.0 0.0 0.0 0.0 0.0 
0.07407404558331493 0.0 0.0 -1.5786381361867294 0.0 1.7125610871666856 -0.29973528215546497 -0.06163823227738813 0.0 0.0 
0.0 0.0 0.0 0.0 0.0 0.0 0.0 0.0 0.0 0.0 
0.0 0.0 0.0 0.0 0.0 0.0 0.0 0.0 -0.5985396164304672 -0.706369829540174 
0.0 0.0 0.0 0.0 0.0 0.0 0.0 0.0 0.0 0.0 
0.0 0.0 0.0 1.4746968538709355 0.0 0.0 0.0 0.0 0.0 0.0 
0.3903301905474167 0.0 0.0 -1.1216604005494042 0.0 0.9660240501500346 -0.10527004079794708 0.2522558715983621 0.0 0.0 
0.9416307515609305 0.0 0.0 -0.31904650880713603 0.0 0.5035748195443988 -0.628912621381431 1.1648396281400393 0.0 0.0 
0.8058421415901139 0.0 0.0 -1.1402332222570235 0.0 1.3030514701039155 -0.6272225486627334 0.31272341402511217 0.0 0.0 
0.7786184952113486 0.0 0.0 -0.6799458002554526 0.0 1.403369458684979 0.0 0.0 0.0 0.0 
1.4347823102931436 0.0 0.0 0.1425134753185707 0.0 1.3021643143961077 0.0 0.0 0.0 0.0 
0.0 0.0 0.0 0.0 0.0 0.0 0.0 0.0 -0.7479123537341278 -0.7532302951323724 
0.0 0.0 0.0 0.0 0.0 0.0 0.0 0.0 0.42101743024890803 -0.8688720951565077 
0.0 0.0 0.0 0.2763179010992145 0.0 -0.2631712684831483 0.0 0.0 0.0 -0.01862214907364655 
0.0 0.0 0.0 0.0 0.0 0.0 0.0 0.0 0.0 0.0 
0.0 0.0 0.0 0.0 0.0 0.0 0.0 0.0 0.0 0.0 
0.0 0.0 0.0 0.0 0.0 0.0 0.0 0.0 0.0 0.0 
0.0 0.0 0.0 0.0 0.0 0.0 0.0 0.0 0.0 0.0 
0.0 0.0 0.0 -0.14116675613849755 0.0 -0.22169271537108015 0.0 0.0 0.0 0.01521992561397275 
0.0 0.0 0.0 0.0 0.0 0.0 0.0 0.0 0.0 0.0 
0.0 0.0 0.0 0.0 0.0 0.0 0.0 0.0 0.0 0.0 
0.0 0.0 0.0 0.0 0.0 0.0 0.0 0.0 0.0 0.0 
0.0 0.0 0.0 0.0 0.0 0.0 0.0 0.0 0.0 0.0 
0.0 0.0 0.0 0.0 0.0 0.0 0.0 0.0 0.0 0.0 
0.0 0.0 0.0 0.4549025963140578 0.0 0.0 -0.4457187773410357 1.3049883909541267 0.0 0.0 
1.3638879699298354 0.0 0.0 0.0 0.0 0.5421862585359696 0.0 0.0 -0.6525510094343374 -0.8491450878267282 
0.0 0.0 0.0 0.0 0.0 0.0 0.0 0.0 0.0 0.0 
0.0 0.0 0.0 0.0 0.0 0.0 0.0 0.0 0.0 0.0 
0.0 0.0 0.0 0.0 0.0 0.0 0.0 0.0 0.0 0.0 
0.0 0.0 0.0 0.48673672631719583 0.0 -0.8443932562869712 0.0 0.0 0.0 0.12193726002738081 
0.0 0.0 0.0 0.0 0.0 0.0 0.0 0.0 0.0 0.0 
0.0 0.0 0.0 0.0 0.0 0.0 0.0 0.0 0.0 0.0 
0.0 0.0 0.0 0.0 0.0 0.0 0.0 0.0 0.0 0.0 
0.0 0.0 0.0 0.0 0.0 0.0 0.0 0.0 0.0 0.0 
0.0 0.0 0.0 0.0 0.0 0.0 0.0 0.0 0.0 0.0 
0.0 0.0 0.0 0.5321252920764497 0.0 -0.14170298905290363 0.0 0.0 0.0 0.34286946143841923 
0.0 0.0 0.0 0.0 0.0 -0.5306864048994704 0.0 0.0 0.0 0.39930860467026674 
0.0 0.0 0.0 0.0 0.0 0.0 0.0 0.0 0.0 0.0 
0.0 0.0 0.0 0.0 0.0 0.0 0.0 0.0 0.0 0.0 
0.0 0.0 0.0 0.0 0.0 0.0 0.0 0.0 0.0 0.0 
0.0 0.0 0.0 0.0 0.0 0.0 0.0 0.0 0.0 0.0 
0.0 0.0 0.0 0.0 0.0 0.0 0.0 0.0 0.0 0.0 
0.0 0.0 0.0 0.0 0.0 0.0 0.0 0.0 0.0 0.0 
0.0 0.0 0.0 0.0 0.0 0.0 0.0 0.0 0.0 0.0 
0.0 0.0 0.0 0.0 0.0 0.0 0.0 0.0 0.0 0.0 
0.0 0.0 0.0 0.0 0.0 0.0 0.0 0.0 0.0 0.0 
0.0 0.0 0.0 0.0 0.0 0.0 0.0 0.0 0.0 0.0 
0.0 0.0 0.0 0.8578551413885152 0.0 0.0 -0.45544867552436263 -0.5729122004491326 0.0 0.0 
0.0 0.0 0.0 0.0 0.0 0.0 0.0 0.0 0.0 0.0 
0.0 0.0 0.0 0.0 0.0 0.0 0.0 0.0 0.0 0.0 
0.0 0.0 0.0 0.0 0.0 0.0 0.0 0.0 0.0 0.0 
0.0 0.0 0.0 0.0 0.0 0.0 0.0 0.0 0.0 0.0 
0.0 0.0 0.0 0.0 0.0 0.0 0.0 0.0 0.0 0.0 
0.0 0.0 0.0 0.0 0.0 0.0 0.0 0.0 0.0 0.0 
0.0 0.0 0.0 0.0 0.0 0.0 0.0 0.0 0.0 0.0 
0.0 0.0 0.0 0.0 0.0 0.0 0.0 0.0 0.0 0.0 
0.0 0.0 0.0 0.0 0.0 0.0 0.0 0.0 0.0 0.0 
0.0 0.0 0.0 0.0 0.0 0.0 0.0 0.0 0.0 0.0 
0.0 0.0 0.0 0.0 0.0 0.0 0.0 0.0 0.0 0.0 
0.0 0.0 0.0 0.0 0.0 0.0 0.0 0.0 0.0 0.0 
0.0 0.0 0.0 0.0 0.0 0.0 0.0 0.0 0.0 0.0 
0.0 0.0 0.0 0.0 0.0 0.0 0.0 0.0 0.0 0.0 
0.0 0.0 0.0 0.0 0.0 0.0 0.0 0.0 0.0 0.0 
0.0 0.0 0.0 0.0 0.0 0.0 0.0 0.0 0.0 0.0 
0.0 0.0 0.0 0.0 0.0 0.0 0.0 0.0 0.0 0.0 
0.0 0.0 0.0 0.0 0.0 0.0 0.0 0.0 0.0 0.0 
0.0 0.0 0.0 0.0 0.0 0.0 0.0 0.0 0.0 0.0 
0.0 0.0 0.0 0.0 0.0 0.0 0.0 0.0 0.0 0.0 
0.0 0.0 0.0 0.0 0.0 0.0 0.0 0.0 0.0 0.0 
0.0 0.0 0.0 0.0 0.0 0.0 0.0 0.0 0.0 0.0 
0.0 0.0 0.0 0.0 0.0 0.0 0.0 0.0 0.0 0.0 
0.0 0.0 0.0 0.0 0.0 0.0 0.0 0.0 0.0 0.0 
0.0 0.0 0.0 0.0 0.0 0.0 0.0 0.0 0.0 0.0 
0.0 0.0 0.0 0.0 0.0 0.0 0.0 0.0 0.0 0.0 
0.0 0.0 0.0 0.0 0.0 0.0 0.0 0.0 0.0 0.0 
0.0 0.0 0.0 0.0 0.0 0.0 0.0 0.0 0.0 0.0 
0.0 0.0 0.0 0.0 0.0 0.0 0.0 0.0 0.0 0.0 
0.0 0.0 0.0 0.0 0.0 0.0 0.0 0.0 0.0 0.0 
0.0 0.0 0.0 0.0 0.0 0.0 0.0 0.0 0.0 0.0 
0.0 0.0 0.0 0.0 0.0 0.0 0.0 0.0 0.0 0.0 
0.0 0.0 0.0 0.0 0.0 0.0 0.0 0.0 0.0 0.0 
0.0 0.0 0.0 0.0 0.0 0.0 0.0 0.0 0.0 0.0 
0.0 0.0 0.0 0.0 0.0 0.0 0.0 0.0 0.0 0.0 
