81	6	61	63	4	90	76	93	58	32	62	36	12
51	45	1	44	80	18	31	93	85	91	15	90	22	58	18	36	66	21	61
24	81	9	93	96	8	25	40	70	7	34	28	61	19	38	80	14	69	14	26
94	95	98	71	74	26	23	99	38	43	97	60	10	91	99	72	8	86	97	55	0	13	73	51
34	32	50	56	88	10	14	79	55	5	12	82	77	24	25	85	48	95	53	98	67	60	59	96
12	67	51	97	25	98	33	19	38	15	74	34	83	96	81	40	13	40	26	46	51	10	53
32	51	70	30	33	33	69	48	76	76	64	81	83	23	49	36	80	96
94	49	0	81	64	5	32	97	78	6	71	81	14	45	27	29	24	55	18	58	96	2
5	58	27	21	37	12	40	31	29	86	11	97	29	37	39	66	29	33	52	14	28	51	15	33
0	64	72	35	87	28	65	84	6	38	64	56	34	99	83	9	69	19
