62	405	759	449	881	412	507	290	834	611	733
169	467	651	535	224	419	840	279	427	224	285	772	659	651	367	89	192	786	230	569	652	800	679
879	206	876	312	495	438	67	263	999	626	373	254	642	429	768	705	124	2	502	318	173	876	744	194	12	721	131	588
847	75	451	740	929	481	703	368	482	723	254	787	383	788	948	774	827	556	635	822	432	376	650	185	219	232	83	892	783	394	384	791	61	711	670	8	186	726	870	79	891	125	60	205	808	447	671	133	337	46	590	362	426	709	911	20	141	828	108	517	87	568	118	407	450	987	832	203	960	777	14	642	76	746	851	982	481	661	204	203	115	70	238	544	993	525	992	382	981	313	543	370	958	566	71	344	179	431	935	698	471	46	946	244	969	169	996	896	860	342	48	845	28	571	431	226	568	19	127	786	271	445	539	332	93	629	178	363	511	431	468	321	131	14	754	528	873	9	464	581	307	223	39	817	665	406	34	442	836	904	954	277	88	399	383	390	747	153	352	714	19	233	881	580	316	51	349	616	697	220	981	942	798	993	216	684	456	894	329	324	178	876	264	764	3	669	116	343	541
357	197	736	329	660	612	287	378	951	652	152	869	737	502	221	829	710	844	900	681	240	875	781	455	106	560	93	917	461	381	608	408	772	947	853	93	572	347	694	709	981	716	287	392	791	51	198	394	14	674	75	825	765	266	846	755	948	231	413	479	257	647	884	826	765	907	536	660	403	344	621	403	21	806	42	461	474	330	800
116	99	391	508	19	889	45	634	189	443	159	417	626	656	932	881	326	797	901	779	577	234	111	400	376	412	519	441	629	263	604	350	723	621	463	484	598	159	57	946	805	314
517	396	236	568	985	562	7	233	446	615	964	74	620	242	96	918	798	566	987	215	957	776	583	907	617	322	196	193	935	161	9	20	772	140	55	633	291	79	944	994	442	11	459	253	931	473	844	269	6	93	687	884	137	45	100	635	167	6	989	874	485	874	19	356	534	719	874	344	105
12	561	117	378	159	770	855	280	45	37	156	545	983	473	300	750	776	360	714	762	519	6	966	214	557	126	58	291	793	337	578	173	908	28	999	966	266	76	665	991	468	295	233	979	975	447	323	909	500	107	44	431	719	873	753	599	59	12	636	167	147	353	703	987	567	706	854	254	372	544	355	931	573	330	345	814	357	480	944	110	483	357	423	337	791	13	958	65	787	178	141	77	773	18	349	250	769	552	737	642	460	429	175	216	229	84	964	875	183
507	814	319	707	4	420	945	306	182	516	78	219	558	446	911	240	848	475	19	656	761	914	859	930
258	503	82	392	583	695	200	323	81	939	579	476	669	815	174	997	545	505	64	547	755	337	985	617	524	232	650	126	242	228	139	524	511	317	504	418	4	485	618	570	223	794	831	51	229	607	879	838	220	732	818	115	105	262	741	447	917	518	703	831	957	720	466	534
