518	474	908	730	609	173	141	498	890	288	734	353	366	68	472	276	398	89	264	622	14	357	799	603	717	34	91	813	878	353	926	816	407	77	217	830	15	757	225	449	242	181	627	122	7	877	49	156	484	219	739	569	477	234	340	589	194	990	198	760	283	552	934	778	847	17	243	386	403	429	952	20	506	824	673	319	468	187	474	690	694	49	462	164	397	821	934	497	329	982	986	810	986	834	315	624	34	945	714	121	148	933	218	158	127	754	43	870	592	403	948	942	118	697	923	430	702	144	354	63
464	751	136	277	46	14	675	688	812	53	355	354	332	374	833	909	83	773	798	387	320	219	75	542	692	172	861	994	164	531	346	84	201	867	92	70	251	102	993	968	744	770	626	885	555	478	449	729	384	892	466	998	194	517	735	516	166	257	358	235	536	695	588	37	141	48	458	943	652	47	698	422	850	720	4	240	393	386	599	145	710	436	829	561	774	702	704	960	435	568	995	158	750	4	469	359	491	668	892	626	796	542	983	551	940	812	3	751	744	627	611	955	321	798	65	609	349	199	429	795	860	944	318	778	674	567	430	827	419	586	474	313
864	503	554	948	342	379	187	796	845	102	301	454	651	987	574	237	633	29	692	754	61	710	803	994	950	691	488	231	406	944	700	653	46	818	227	293	546	651	204	706	480	92	840	392	942	744	618	206	825	107	210	118
25	737	142	352	518	301	753	590	141	129	839	461	6	953	470	961	72	241	167	635	429	122	577	756	917	455	274	895	731	715	935	559	560	835	157	495	625	626	949	99	954	461	278	384	6	799	975	866	878	351	610	726	666	13	402	561	256	860	520	557	166	674	150	548	298	317	92	869	276	105	904	211	85	211	875	763	812	194	194	727	261	829	417	498	814	432	623	880	186	639	977	257	705	219	183	891	33	447	194	319	408	535	615	48	731	529	562	615	718	85	223	935	794	615	212	92	75	754	36	55	416	878	987	543	167	963	917	748	628	926	246	643	402	514	735	881	645	860	127	142	759	676	943	111	61	657	421	134	706	128	740	436	890	688	688	859	600	399	805	447	183	564	891	413	891	431	366	597	176	896	121	32	915	10	394	932	484	71	651	794	596	35	944	587	202	46	947	956	34	921	483	927	572	179	891	469	653	997	138	944	12	779	448	550	612	385	796	843	446
650	100	319	99	196	243	496	85	380	789	586	978	188	466	412	508	26	525	817	104	190	679	147	157	105	815	863	985	268	977	478	330	946	397	348	885	24	652	604	923	145	387	629	863	942	687	797	881	105	539	944	46	871	746	142	432	430	58	712	511	444	253	715	964	836	667	191	446	960	251	100	777	596	540	174	282	44	710	71	249	828	278	6	449	227	469	85	171	728	352	638	1	47	637	859	999	468	350	24	366	25	4	524	677	808	693	695	231	140	561	383	328	898	449	753	478	808	59	537	46	692	792	552	150	426	226	152	286	657	827	241	168	791	752	302	874	520	272	7	943	713	764	777	553	123	478	363	967	153	159	193	547	967	415	80	730	716	854	614	469	822	42	213	106	224
502	873	934	516	159	116	609	93	482	312	282	604	404	564	786	636	646	212	499	191	838	905	387	280	794	916	390	688	384	137	470	218	261	265	48	931	253	275	390	648	800	494	577	955	166	754	893	690	167	547	626	628	417	99	504	302	297	283	508	329	81	201	494	377	417	360	216	131	152	777	196	862	810	640	83	827	995	787	581	511	793	369	185	161	216	334	338	324	592	359	610	527	477	581	163	284	425	530	343	564	807	40	99	569	49	218
316	399	755	589	826	368	833	672	492	189	812	788	680	557	334	584	174	366	133	839	463	809	949	199	556	721	393	796	327	945	697	245	296	981	311	760	431	129	726	528	440	803	512	714	847	293	275	727	48	340	302	791	921	103	210	397	997	745	621	191	682	662	822	192	683	897	821	519	335	179	414	382	287	988	560	369	732	498	560	657	181	347	859	317	167	648	218	666	483	970	545	788	378	405	8	721	865	180	166	45	933	265	316	869	378	490	849	9	871	272	835	330	339	952	700	868	918	716	735	41	364	318	434	441	230	466	459	762
561	160	541	187	934	120	972	354	973	584	433	670	990	820	916	608	33	561	120	349	226	266	0	628	766	52	823	554	572	329	695	926	708	44	321	944	893	877	987	170	114	619	456	133	632	396	292	74	458	412	3	485	76	969	519	1	566	143	399	753	247	319	830	922	534	357	551	829	79	93	366	898	192	856	160	879	574	145	611	43	147	476	890	763	367	269	734	902	955	947	674	941	273	775	286	622	631	880	537	130	284	855	599	826	242	994	806	609	411	686	262	773	771	358	36	293	40	38	664	112	575	688	820	338	634	383	805	896	521	964	927	163	121	363	816	466	363	119	758	139	782	779	519	953	394	821	848	358	285	383	723	672	52	939	785	451	182	490	277	618	904	213	436	583	893	497	47	943	97	469	906	757	147	761	947	513	190	135	113	619	265	268	881	353	660	820	523	280	581	309	392	600	356	596	964	356	421	951	425	96	360	369	541
889	343	452	464	632	903	573	880	705	59	650	356	148	775	711	170	519	738	669	751	150	811	492	792	650	469	349	84	620	278	629	528	810	268	179	664	316	458	456	258	622	347	108	216	240	0	433	993	623	842	402	626	404	335	336	391	29	528	880	525	173	114	259	778	306	614	657	513	720	48	238	595	698	573	59	531	474	108	145	436	622	683	370	245	563	407	640	836	190	962	650	0	447	878	490	942	431	370	628	205	850	602	854	946	931	585	179	273	463	381	302	527	788	706	578	820	372	342	647	270	981	595	919	819	979	105	396	739	57	384	318	676	26	731	932	102	214	40	316	787	724	818	882	265	972	135	272	28	300	54	531	758	980	959	547	106	320	673	25	645	866	418	689	731	66	702	753	541	243	214	668	463	239
77	736	199	839	936	611	360	32	175	455	655	831	549	973	835	380	490	32	167	378	151	580	324	889	749	857	567	176	881	443	857	414	302	412	636	739	953	757	657	451	93	461	137	365	118	808	227	525	628	88	187	43	628	938	128	982	474	357	703	740	629	307	989	347	306	866	558	172	159	571	2	854	441	208	580	281	242	551	289	665	66	44	544	606	846	559	468	423	373
