74	164	101	10	312	861	586	384	792	407	821	30	660	262	378	822	21	966	949	900	695	212	28	293	92	808	297	822	708	59	256	527	18	792	307	383	389	36	615	210	632	933	384	543	826	283	883	705	781	340	423	165	549	260	519	4	459	527	496	376	614	509	824	616	472	434	640	455	411	251	989	805	874	24	917	159	427	904	783	457	372	374	175	8	194	300	875	628	61	11	861	382	348	564	859	514	687	460	407	64	947	145	631	800	102	574	614	743	828	269	971	707	454	675	30	482	674	511	815	213	256	431	575	551	613	58	628	718	250	340	690	507	946	603	712	250	551	120	496	503	49	596	725	546	371	129	91	400	616	759	568	136	992	709	235	345	135	97	521	886
914	721	162	386	708	679	359	362	179	475	958	897	518	24	930	726	451	717	392	833	362	993	981	93	941	564	948	613	45	738	31	901	329	773	524	907	860	334	204	514	229	604	540	501	589	65	776	220	283	785	522	619	541	450	472	505	27	859	879	643	650	903	197	670	146	86	59	830	926	65	375	831
238	222	204	553	204	800	171	770	175	46	118	167	212	87	919	198	957	300	122	781	136	265	428	462	610	730	476	226	78	581	500	612	130
112	73	319	108	630	176	337	423	710	944	223	380	545	755	201	755	39	256	23	313	305	780	402	640	568	435	784	523	467	203	454
839	5	21	353	895	450	260	452	916	246	201	352	873	444	946	412	868	360	943	928	958	649	250	299	264	143	70	64	74	20	519	137	643	404	336	105	377	807	948	497	621	479	982	793	917	332	797	544	240	542
315	785	4	539	817	513	921	448	793	179	578	185	435	226	596	686	240	681	978	380	281	926	989	390	200	589	391	671	375	682	702	826	46	245	404	728	26	547	637	809	64	613	745	535	943	725	307	304	312	170	105	926	807	143	48	483	867	52	279	836	832	495	139	670	227	853	100	897	961	182	551	62	451	917	826	581	114	305	321	137	31	391	48	212	361	549	229	382	456	208	179	938	119	810	181	815	541	780	749	776	982	269	654	593	798	772	718	160	464	12	563	917	69	104	597	145	251	662	69	271	705	389	964	858	761	212	461	821	132	758	947	412	156	94	780	844	317	656	928	685	51	478	402	574	634	944	946	293	721	690
199	666	280	968	479	746	896	991	664	867	552	268	106	435	610	612	841	359	415	231	20	476	120	217	507	429	928	963	178	876	877	45	447	707	295	776	643	984	828	110	813	423	318	834	864	129	584	363	992	160	371	827	436	13	688	745	307	815
246	973	729	874	687	481	413	377	286	671	503	294	794	874	347	211	633	730	301	562	665	273	84	900	177	729	419	956	124	15	915	990	679	357	599	631	484	295	438	586	512	823	563	76	87	549	823	731	705	961	993	941	464	275	20	769	234	706	645	254	536	572	998	960	193	573	764	453	838	649	177	567	48	64	744	969	587	81	697	597	707	425	426	719	564	878	109	156	919	359	310	137	28	278	666	432	264	339	871	930	79	587	960	7	152	158	849	100	12	595	43	86	193	42	723	423	940	368	301	677	934	548	717	300	880	211	910	865	981	739	4	888	517	525	851	843	446	346	409	759	339	986	974	312	804	126	450	30	35	33	955	29	761	36	722	123	511	678	275	692	503
693	838	529	348	459	59	137	237	336	87	798	490	826	727	944	80	831	735	108	365	447	832	904	848	107	110	792	601	666	775	19	803	123	797	432	368	306	284	935	713	517	262	563	706	995	367	396	717	728	662	960	92	818	77	40	469	158	212	311	588	249	742	536	128	237	57	573	901	543	209	336	534	150	167	980	453	40	60	254	679	398	974	816	874	840	775	918	773	292	196	835	331	906	182	353	146	212	467	560	829	698	87	802	813	623	71	557	738	282	162	781	590	985	98	597	678	119	3	214	534	519	637	149	443	2	630	339	215	424	224	430	183	244	649	956	376	303	79	915	243	894	221	532	523	81	594	130	917	63	261	211	765	717	378	222	519	273	523	133	795	146	373	738	419
998	271	185	939	5	110	380	300	850	130	169	772	701	547	596	733	818	546	337	884
