813	751	636	345	455	874	493	237	43	248	921	388	396	516	764	94	556	44	282	139	11	511	758	435	553	814	568	462	609	636	611	648	62	584
335	78	591	17	911	995	207	572	604	446	148	873	567	131	81	179	247	843	963	432	922	447	978	372	592	983	400	212	146	572	458	935	65	41	402	328	71	229	990	540	676	33	922	122	347	48	91	849	797	789	424	265	669	667	336	102	212	663	528	238	505	47	113	231	590
79	14	379	490	331	153	239	125	378	566	517	868	992	847	256	568	605	377	94	89	423	846	956	392	517	103	381	997	277	377	940	144	591	234	970	23	464	404	526	743	282	419	245	805	106	389	561	257	574	977	921	30	83	687	278	228	368	687	751	52	86	143	676	244	308	490	373	282	34	346	533	426	862	488	569	347	897	747	301	459	637	341	92	53	350	672	451	678	245	181	678	254	597	710	324	802	275	435	994	60	707	244	872	887	871	229	876	778	573	167	621	143	2	292	591	914	750	341	729	288	835	527	41	41	292	815	730	119	681	997	909	597	995	544	168	994	941	842	569	792	453	575	789	24	713	639	425	62	239	987	909	650	295	224	826	266	988	606	986	424	100	559	27	635	582	793	401	798	371	583	100	605	889	593	239	397	875	86	818	639	705	437	773	320	792	695	425	179	613	921	477	350	50	525	532	54	974	441
68	585	622	927	950	448	464	307	376	424	306	684	604	615	816	539	401	941	230	922	954	911	692	196	501	103	450	264	580	324	427	987	884	731	569	285	97	188	524	786	872	610	290	141	163	559	106	72	910	194	206	284	480	698	89	864	469	582	288	340	481	923	922	637	132	972	99	783	765	596	90	987	8	157	396	452	242	858	638	727	934	112	960	613	552	26	776	230	302	458	289	225	632	838	388	193	982	488	778	516	402	955	959	888	206	617	115	351	738	317	107	73	728	765	138	464	575	390	772	567	508	43	117	304	578	433	897	769	118	469	805	806	113	231	671	324	701	722	280	904	843	137	507	931	613	314
688	115	636	392	929	446	511	624	963	676	100	316	484	725	303	304	221	449	632	716	250	442	848	557	285	962	745	218	491
698	831	805	851	338	709	789	576	344	160	29	377	756	267	663	604	13	455	18	442	504	272	621	364	673	810	285	382	842	350	403	259	37	100	65	742	333	222	127	653
504	389	85	786	399	341	188	839	189	835	918	686	255	172	38	313	581	303	710	348	454	931	602	954	557	281	537	265	8	830	940	597	962	199	370	421	420	695	420	266	507	418	93	518	688	844	920	281	796	278	864	638	708	413	504	702	613	724	127	554	833	278	690	339	254	279	430	79	245	65	401	792	990	922	299	640	956	622	831	300	632	975	854	668	521	379	128	33	561	2	308	887	521	340	848	60	624	289	781	120	49	453	613	533	967	4	629	12	117	906	289	503	664	831	87	340	455	457	962	593	329
495	589	475	326	450	457	218	319	685	495	40	457	601	921	852	573	278	353	435	80	434	555	63	935	883	741	31	972	690	531	568	372	137	101	203	17	317	533	350	911	857	114	350	292	358	806	858	43	523	52	838	869	160	129	293	393	33	522	147	445	355	654	897	429	898	835	244	546	853	91	718	797	560	762	397	327	930	99	278	106	788	224	292	96	468	982	22	679	670	337	860	545	554	110	701	825	832	675	539	240	214	719	911	987	969
159	643	377	869	296	525	248	93	799	239	496	264	123	151	435	388	361	333	79	69	762	330	46	582	747	221	785	201	848	189	155	577	110	974	231	735	199	168	950	785	360	211	301	907	173	15	364	387	920	955	789	218	61	27	634	535	472	658	684	251	201	623	251	383	243	164	474	616	267	598	661	237	454	800	419	950	763	528	146	285	313	827	605	951	347	186	665	693	17	98	560	783	558	186	340	414	291	68	161	564	363	84	778	454	42	714	534	385	2	559	128	282	274	351	310	468	428	276	332	521	50	195	758	986	483	103	884	207	649	744	968	620	401	101	593	438	277	968	457	463	569	567	455	119	73	783	499	903	400	480	639
297	212	502	691	141	918	20	626	100	655	439	791	36	152	902	526	172	929	538	271	809	743	268	820	7	844	44	968	265	958	922	634	321	758	306	446	444	147	548	327	757	650	178	683	903	883	408	783	322	290	188	432	942	228	884	687	812	16	239	778	455	274	577	537	271	548	417	713	883	863	733	287	178	877	373	81	915	744	204	227	671	316	214	122	471	397	292	62	96	166	778	492	186	417	752	858	858	986	171	248	512	470	164	406	331	364	654	102	834	745	56	139	718	263	292	128	872	246	638	356	915	659	407	196	680	440	407	656	590
