712	154	618	587	997	434	543	889	185	416	995	588	57	880	407	219	899	848	738	516	417	950	746	889	126	547	41	783	311	558	696	701	755	545	299	456	177	958	449	317	458	705	146	70	708	538	303	775	216	428	643	308	670	791	177	911	453	436	441	317	411	641	881	71	625	364	818	269	812	975	910	232	622	879	12	945	489	759	586	198	477	886	384	210	973	331	457	453	503	206	673	639	267	179	579	69	548	453	868	370	680	641	431	290	484	273	835	944	186	491
939	469	576	3	144	234	140	965	945	161	862	212	818	980	650	153	347	824	433	126	944
383	782	824	929	536	959	479	413	146	685	875	763	86	579	501	910	508	541	149	466	713	800	668	243	799	157	163	622	432	21	39	970	318	717	648	155	781	434	173	663	491	593	377	746	463	337	248	727	841	901	441	284	550	411	811	167	282	176	929	583	186	937	766	895	800	200	148	932	201	312	404	448	944	122	235	944	784	4	878	44	875	315	54	711	753	719	374	609	671	808	915	480	744	719	570	15	755	908	401	298	340	200	718	57	302	777	649	792	946	138	686	544	195	783	61	756	289	320	544	712	278	570	865	363	804	803	577	471	893	712
548	146	594	584	474	759	278	318	989	684	459	280	618	57	613
112	531	942	896	193	973	624	247	663	921	0	903	782	205	521	76	454	564	458	861	535	325	624	844	291	477	863	151	839	240	337	830	358	570	313	198	980	8	782	627	907	841	903	328	835	912	20	608	706	128	797	441	591	125	920	632	289	0	722	531	994	801	531	991	429	912	488	596	717	522	437	695	549	297	990	10	763	255	631	63	846	304	251	322	896	474	770	353	708	711	181
312	952	289	470	729	450	419	295	350	257	411	306	351	804	163	222	477	815	812	164	774	752	146	724	644	389	345	593	269	143	255	182	932	404	374	345	231	587	380	434	845	260	619	99	242	71	379	259	150	459	294	335	991	888	849	505	269	254	916	196	442	397	178	173	665	684	595	979	181	53	958	620	937	86	285	589	806	956	596	143	608	5	898	243	956	678	954	139	159	653	184	795	31	459	598	87	92	758	424	504	20	607	44	714
994	869	990	666	495	977	968	290	682	792	928	779	413	791	970	984	550	502	249	720	353	331	886	338	256	744	406	374	260	804	912	512	312	608	620	180	183	958	857	178	411	500	466	627	24	994	290	105	551	576	348	652	184	856	345	400	547	798	361	587	391	720	193	318	313	738	405	401	751	455	116	517	812	907	931	722	189	842	751	732	763	251	513	8	305	242	788	113	514	360	496	43	885	48	107	844	111	740	675	699	730	135	997	787	720	833	90	822	923	403	75	662	840
402	107	370	672	677	12	856	829	990	210	765	571	923	808	375	532	91	16	681	82	724	601	643	744	417	55	169	81	907	342	622	577	502	547	600	404	865	506	932	574	921	243	669	763	588	196	927	999	908	57	915	585	119	613	748	787	272	264	170	811	848	662	918	193	774	484	268	177	716	879	266	391	277	900	463	955	95	887	372	959	285	859	365	44	319	219	537	14	571	808	227	182	224	41	404	550	779	487	513	281	736	400	453	811	354	194	103	966	475	929	905	756	894	298	14	189	68	134	268	481	455	700	704	740	554	842	406	970	6	636	756	12	271	743	199	650	384	376	949	444	183	308	736	482	412	445	249	922	67	496	532	686	291	35	933	334
535	397	106	227	791	586	876	162	609	390	92	646	546	390	76	191	801	957	884	214	587	827	866	251	728	876	314	689	2	599	398
490	57	107	365	747	445	290	710	785	132	195	767	337	515	787	962	67	269	644	172	252	561	523	550	1	443	425	61	583	708	759	833	976	61	987	503	43	231	626	897	689
