497	613	195	988	24	783	949	789	857	947	579	176	902	999	550	638	402	46	828	674	133	640	614	298	799	904	524	34	117	12	56	612	280	621	28	912	333	973	361	469	36	689	592	315	976	114	917	475	507	546	87	937	849	340	730	138	308	67	148	480	781	29	327	219	653
176	531	855	715	784	634	297	742	631	823	979	262	169	470	258	292	92	938	9	556	563	770	614	348	532	355	920	918	593	847	916	357	269	910	145	961	973	602	828	885	335	354	117	712	12	501	864	977	861	316	273	430	630	755	940	865	979	468	529	210	463	939	538	53	794	502	130	392	820	176	918	793	480	136	704	320	325	780	678	186	96	280	420	354	870	809	256	39	679	530	806	179	154	38	295	280	320	222	404	966	726	27	393	309	453	804	799	57	607	948	734	87	546	914	121	310	72	796	206	535	859	203	727	889	850	309	966	25	751	690	33	801	27	40	928	792	20	601	755	38	911	37	211	199	138	406	369	896	650	624	342	224	611	18	753	487	731	596	539	503	41	979	867	398	758	401	241	788	799	143	218
563	945	349	148	392	334	557	996	739	466	418	766	640	407	38	992	53	627	410	462	604	721	555	683	972	410	173	896	241	683	625	417	359	564	677	140	797	785	172	394	836	390	200	730	245	10	643	469	658	743	540	170	751	408	460	815	113	233	815	969	563	698	504	392	78	742	447	366	755	759	535	41	396	201	414	659	601	378	622	365	847	201	271	209	890	360	190	239	737	419	305
820	998	813	589	478	179	318	626	561	288	506	753	324	207	723	489	812	805	400	371	153	287	969	273	640	767	984	981	911	24	300	967	994	24	212	713	693	625	782	715	665	407	163	791	392	456	62	497	744	232	901	481	128	976	679	848	481	595	269	421	774	846	367	163	484	690	81	991	127	462	76	748	21	975	247	147	24	842	83	500	41	251	513	484	70	562	811	105	247	856	462	644	229	794	142	867	918	50	910	269	200	658	823	833	263	40	231	225	232	419	813	213	703	101	609	152	500	976	951	412	385	653	958	614	682	604	247	61	363	241	443	522	448	502	29	796	838	513	379	51	710	933	74	495	26	719	851	146	741	86	148	301	272	440	271	476	302	922	405	438	237	363	980	307	493	354	393	657	355	912	707	909	171	343	786	170	440	919	235	924	963	139	355	403	451	733	123	142	589	536	290	48	154	440	126	871	119	573	710	965
11	231	461	588	53	911	943	146	544	401	597	15	101	370	805	376	798	167	911	381	564	14	716	226	286	972	768	643	377	77	129	259	352	468	704	476	458	380	345	292	182	264	102	536	842	512	566	178	515	81	873	518	375	347	532	910	561	281	360	633	167	547	467	976	439	934	872	389	549	652	301	474	455	72	429	691	573	13	823	899	578	596	346	232	76	805	857	539	337	436	730	899	681	973	270	830	883
961	855	430	265	930	569	58	417	449	507	988	246	80	555	38	457	828	736	538	925	540	924	695	693	335	638	348	4	443	822	432	251	678	757	498	893	717	636	115	317	770	764	168	302	49	233	610	245	467	304	623	327	355	461	42	599	141	229	875	702	960	706	968	603	295	781	59	832	103	351	366	89	957	894	255	339	261	946	930	101	368	846	884	556	632	185	462	158	444	756	22	936	947	70	284	950	844	949	856	910	27	575	45	658	620	569	645	906	178	496	305	919	681	477	712	374	286	753	3	527	327	119	406	786	222	478	106	914	394	121
290	917	985	135	95	946	864	381	530	82	556	839	43	862	454	610	377	265	131	709	57	374	213	451	358	31	366	321	709	11	927	440	478	586	866	326	284	293	627	602	384	816	337	167	676	367	303	720	830	572	441	274	731	389	917	128	198	860	138	957	703	323	793	86	205	176	511	24	927	548	253	18	28	751	616
506	151	953	580	891	768	471	313	708	201	676	747	832	698	10	565	21	987	588	436
948	779	111	154	44	602	285	928	543	550	985	723	509	574	864	174	439	89	230	161	708	163	790	337	180	186	612	994	474	649	184	47	995	921	996	407	633	600	633	135	352	140	220	418	189	713	443	426	913	468	578	40	179	635	522	386	191	104	149	193	748	655	202	553	467	698	880	749	373	680	810	511	880	211	921	502	103	984	412	448	612	184	181	606	794	96	142	358	424	600	32	286	232	299	873	857	196	971	916	745	661	668	969	369	734	150	862	496	586	838	423	481	563	852	830	764	236	940	486	144	810	911	382	328	330	10	291	43	366	403	67	539	437	905	907	369	252	279	796	769	877	610	711	684	774	92	962	874	101	575	892	989	984	905	950	461	542	797	488	381	817	486	703	887	748	270	951	227	812	665	538	704	767	445	474	401	355	891	104	812
873	246	256	511	280	561	597	602	339	544	570	415	517	150	128	622	95	959	509	777	430	139	890	936	781	902	742	504	234	215	641	887	821	249	389	561	874	740	705	50	814	7	135	2	595	909	117	397	841	995
