767	32	403	207	14	681	875	442	219	450	137	711	740	943	556	121	759	591	30	97	34	627	618	943	294	126	419	724	639	411	857	361	188	586	590	29	491	569	871	338	104
194	481	235	676	37	61	807	127	499	753	530	935	617	55	944	212	671	962	348	194	708	979	523	288	638	359	97	521	966	386	376	397	596	506	895	736	891	549	641	774	993	565	43	49	278	191	877	17	184	392	670	803	536	903	396	96	937	9	986	373	371	7	527	916	11	903	309	625	976	879	132
281	780	707	968	557	131	544	672	880	421	689	90	181	465	201	736	652	261	351	64	362	838	341	662	250	558	478	384	214	667	854	51	766	612	693	274	333	540	183	217	931	959	218	299	832	74	646	857	623	716	52	669	683	374	191	49	101	295	787	661	865	197	237	588	911	376	18	374	608	780	756	99	990	536	468	173	173	430	342	64	95
220	524	246	295	741	382	938	775	491	385	993	581	204	873	620	990	406	829	641	27	345	426	783	766	657	285	422	466	285	285	765	713	756	714	24	232	147	260	237	307	165	652	71	34	483	643	700	618	990	629	56	764	487	944	744	100	302	182	138	930	161	353	946	376	141	914	598	325	724	370	907	93	292	901	115	62	450	772	568	50	14	322	520	981	273	942	731	117	175	51	241	973	640	987	293	683	14	638	297	111	822	952	131	572	88	66	804	822	566	211	14	867	202	40	342	760	256	970	10	545	19	240	102	975	316	872	570	704	365	858	961	285	215	486	518	449	123	178	440	388	92	716	56	816	693	708	511	987	55	394	603	821	250	51	358	799	550	605	596	956
484	393	114	590	733	961	328	497	609	866	604	438	626	484	515	639	103	701	541	727	575	501	257	71	454	44	76	262	596	394	563	36	866	17	537	806	800	912	321	592	232	487	983	811	525	541	292	640	875	906	817	63	286	418	231	479	730	120	284	98	189	536	731	544	719	41	966	857	933	22	51	842	534	997	245	633	564	963	887	578	631	96	276	590	146	74	135	818	272	982	780	806	673	504	844	975	701	925	638	736	128	178	759	651	331	395	417	123	970	289	968	986	261	202	386	591	973	94	176	584	617	789	147	198	89	137	527	51
10	426	292	911	640	938	303	709	374	175	373	845	635	120	374	697	776	512	181	885	453	474	609	908
503	412	809	312	915	39	331	892	18	192	35	464	675	963	613	133	527	338	241	49	514	342	209	234	522	936	126	763	331	972	269	701	714	636	634	606	779	233	771	118	851	500	544	227	782	729	487	429	174	175	451	605	96	265	287	603	411	531	696	805	484	606	563	459	387	223	931	681	13	487	693	873	153	891	692	293	396	467	821
49	849	490	623	286	810	394	249	208	922	209	596	592	303	867	103	647	181	13	895	726	685	967	912	240	207	823	680	443	277	13	811	976	442	874	826	254	144	317	227	915	309	151	332	956	117	372	84	607	296	926	798	980	166	868	617	163	919	264	404	380	637	947	481	713	803	464	882	649	395	234	715	104	296	250	754	694	656	272	835	129	746	918	624	623	711	862	508	108	201	348	456	983	447	988	16	875	881	563	547	435	367	516	664	62	872	422	261	288	925	909	25	11	109	895	118	522	713	673	52	508	582	47	657	398	135	829	227	956	12	381	721	897	347	433	221	905	398	381	120	670	348	493	314	403	819	166	568	606	774	164	989	370	209	865	494	824	602	911	965	196	94	902	633	217	784	810	355	219
406	850	636	443	971	648	568	985	155	556	658	365	925	567	840	401	729	223	376	667	921	29	455	592	334	688	541	536	136	669	151	150	901	156	302	396	636	443	555	522
903	941	264	815	925	68	329	938	254	375	731	894	302	36	456	51	71	329	648	530	980	323	670	910	589	657	326	131	240	70	657
