285	590	949	463	406	256	689	711	450	787	875	526	893	760	439	830	786	431	559	663	274	630	196	862	230	978	198	577	233	52	715	624	695	330	897	686	592	902	870	53	124	199	70	322	644	688	540	94	926	254	542	803	387	687	174	158	246	762	202	388	616	795	556	993	643	540	644	210	615	515	967	415	528	181	129	359	860	832	270	869	941	935	781	981	246	185	263	420	340	858	27	774	409	993	746	248	542	837	805	840	279	498	415	966	169	608	597	220	65	757	496	955	546	478	267	123	593	115	992	288	781	608	491	13	761	310	436	774	111	299
991	832	126	762	328	496	813	466	160	159	226	374	519	238	469	390	254	204	579	663	743	391	813	278	442	700	471	700	830	506	361	801	540	568	130	324	132	503	890	520	85	114	24	549	80	128	453	442	29	41	833	281	71	753	814	170	817	617	649	955	577	671	527	267	701	821	115	416	740	783	230	190	421	993	640	35	255	225	823	620	764	598	236	470	943	709	78	476	318	226	194	546	409	267	671	855	548	256	509	43	588	17	438	197	932	398	96	400	615	59	816	152	865	117	344	837	198	158	408
105	816	499	482	21	315	164	651	534	360	896	435	183	425	615	832	206	483	329	679	779	662	264	732	621	33	698	759	150	873
850	129	35	117	817	449	130	830	565	397	536	893	582	910	943	541	48	956	804	532	463	253	680	631	0	291	258	26	997	40	48	628	643	315	903	102	531	717	781	275	751	985	844	298	78	425	804	413	821	101	838	665	97	878	65	332	673	751	497	631	110	652	123	324	329	936	374	796	466	191	139	14	233	35	902	215	111	203	262	569	225	103	638	310	272	155	375	624	299	440	740	52	243	83
445	928	578	377	655	150	408	95	668	223	516	349	721	314	567	969	410	813	652	575	725	604	371	392	923	177	10	648	548	205	583	977	612	321	552
196	228	909	365	851	989	420	675	483	47	975	636	212	125	755	638	323	364	624	794	102	177	276	266	474	765	50	2	508	815	452	561	668	481	86	825	945	601	504	775	186	114	348	894	435
281	388	430	130	917	51	177	61	266	367	801	324	485	69	79	672	170	822	200	871	816	279	470	544	644	12	792	60	743	830	895	498	148	884	906	136	131	361	533	94	874	24	807	83	264	389	606	607	640	695	904	441	80	557	604	947	900	514	611	558	383	693	262	107	970	432	228	267	627	251	562	534	512	374	701	191	112	324	412	66	72	275	201	964	14	43	20	359	659	398	550	609	831	643	401	943	730	428	21	726	714	581	469	285	734	533	140	399	144	874	156	39	112	282	466	816	704	142	777	57	479	196	40	885	345	427	494	526	810	449	538	318	960	211	297	201	435	159	552	193	670	952	112	665	576	96	38	231	423	150	300	69	869	721	668	346	422	868	57	483	589	320	765	75	759	640	155	810	303	686	32	259	497	937	9	542	198	485	723	762	962	785	382	535	578	252	172	59	805	671	590	569	925	686	95	161	108	426	710	885	995	751	587	996	279	735	847
548	642	518	584	126	36	458	479	321	543	565	407	568	528	185	269	687	850	689	765	626	747	253	797	200	376	298	265	936	985	267	647	353	43	719	484	314	845	362	436	462	760	40	18	304	784	243	16	715	205	324	788	324	741	348	352	898	150	891	373	551	426	409	597	103	658	247	363	617	498	745	631	638	289	819	518	274	804	641	76	325	528	168	431	795	673	803	649	9	577	905	572	524	151	378	708	51	451	981	691	848	649	413	518	601	870	602	946	238	431	522	843	730	415	108	708	123	662	183	48	731	594	770	683	730	84	431	476	713	838	926	630	808	128	237	841	81	210	115	107	525	899	781	43	394	274	354	889	620	387	988	819	608	749	156
804	379	853	945	781	406	607	279	237	202	79	80	739	774	565	191	830	880	254	200	434	729	630	212	68	970	954	865	514	972	554	96	209	325	52	568	143	881	246	674	877	978	890	365	370	951	324	19	294	672	929	684	47	910	30	17	785	355	331	106	747	132	712	919	128	929	605	835	668	453	597	418	62	174	48	435	865	582	318	963	885	29	624	225	173	902	888	460	894	991	670	421	286	166	341	823	672	463	863	378	609	331	673	758	847	170	198	522	933	349	324	845	205	963	854	572	814	435	818	44	42	316	26	246	827	126	245	840	698	147	758	763	498	752	505	114	620	899	381	479	818	114	672
878	540	455	656	484	132	833	649	703	314	739	459	768	415	557
