865	366	938	576	95	430	652	692	316	775	899	96	205	628	326	909	716	998	469	904	148	764	378	21	630	405	606	45	254	977	943	603	292	188	499	471	768	864	645	623	310	683	29	769	114	102	513	757	549	736	62	538	565	783	505	212	876	896	458	103	12	47	322	620	91	385	28	580	57	74	799	365	241	574	813	229
508	961	776	948	216	363	552	646	729	760	914	11	232	798
854	681	207	749	626	395	983	547	252	514	43	229	615	183	593	840	86	686	355	807	956	749	166	434	881	308	538	492	118	746	189	852	953	639	474	225	944	563	97	947	863	946	391	695	786	385	251	62	803	679	771	932	724	467	427	762	415	299	621	139	152	980	490	733	682	588	562	575	196	824	922	556	818	27	144	886	163	336	613	258	692	514	682	146	34	244	677	760	822	304	331	918	463	903	513	835	53	604	278	820	789	451	361	102	636	802	191	211	6	234	730	663	448	344	417	567	648	980	536	955	418	360	944	970	459	775	608	867	53	505	38	405	255	879	181	968	138	298	739	605	94	372	217	474	776	160	840	229	828	764
691	577	510	741	985	79	949	409	559	148	261	571	722	769	94	705	582	403	142	6	389	965	828	568	288	641	485	24	697	454	585	344	472	72	224	48	94	147	841	411	445	776	739	685	283	335	446	915	307	102	19	534	330	775	668	451	297	461	154	336	943	328	223	677	262	583	999	915	898	829	952	251	68	230	939	678	759	905	857	918	575	177	662	120	366	135	432	775	297	627	440	384	471	863	703	404	62	559	424	957	265	138	319	597	801	417	337	855	886	754	163	141	507	904	160	610	311	493	19	266	597	992	462	791	560	920	612	79	550	471	123	301	959	687	885	140	182	826	204	451	484	507	524	86	278	292	142	411	160	101	574	638	555	56	114	942	612	972	353	851	911	238	775	554	291	684	0	41	38	254	826	434	638	938	504	969
224	515	357	245	777	396	553	471	865	763	534	514	378	229	490	34	629	289	465	944	247	657	341	850	95	369	896	57	78	888	48	576	122	866	577	720	777	511	609	418
792	318	520	326	336	876	583	918	653	152	762	627	888	376	89	353	459	42	774	127	699	664	872	817	912	27	358	905	391	55	49	632	822	119	102	521	39	614	754	418	837	75	451	37	845	729	615	963	151	505	154	130	799	660	341	817	701	196	36	100	479	111	147	322	358	176	6	652	57	495	938	632	184	593	811	702	411	967	17	587	331	394	175	910	776	683	161	409	667	995	786	1	368	385	647	273	501	500	940	681	460	589	149	559	792	528	855	211	32	553	362	991	708	549	342	922	406	512	562	689	87	813	72	952	712	462	16	863	101	717	406	635	984	544	751	659	973	840	786	178	63	624	173	266	430	650	630	394	272	9	721	654	230	877	828	198	115	327	349	888	985	442	871	644	671	647	621	701	527	96	380	454	927	903	456	175
616	38	691	699	259	593	521	651	771	220	227	758	400	939	967	333	967	489	103	118	138	114	859	591	729	863	71	909	595	744	926	575	43	921	926	485	897	605	119	689	692	623	6	404	564	415	314	126	276	831	68	991	766	350	313	129	778	641	452	672	775	259	724	971	614	560	541	367	274	203	836	304	62	319	38	855	339	887	6	668	31	6	314	608	95	531	280	186	962	545	329	235	596	646	944	937	662	273	136	516	874	172	433	477	482	611	943	39	976	862	962	591	931	23	1	1	795	760	619	136
651	149	151	286	718	608	725	870	553	584	450	764	708	566	440	40	776	706	463	504	873	226	847	794	902	163	187	984	33	875	621	714	264	511	93	43	615	883	93	366	398	548	373	52	521	474	343	165	2	644	182	993	369	429	994	689	82	66	81	683	123	112	554	103	246	92	337	909	814	388	227	401	917	459	282	128	858	256	756	11	642	722	601	846	50	921	991	821	437	154	321	244	184	298	370	183	920	196	843	592	7	564	9	146	177	785	948	682	576	68
345	699	1	401	466	734	437	242	320	294	967	292	925	78	774	347	539	76	241	425	198	755	693
680	412	653	634	418	887	359	963	718	504	206	885	3	564	369	974	721	563	307	285	655	395	964	194	214	663	108	112	840	510	959	983	450	530	434	724	186	629	314	370	945	58	25	943	249	841	889	483	592	3	781	701	112	904	845	995	633	392	356	891	452	983	7	548	443	529	362	263	335	850	960	741	402	211	461	301	352	226	374	623	613	393	410	473	191	122	493	671	349	195	455	134	148	475	291	134	257	52	684	403	575	31	791	802	224	445	208	963	154	246	508	453	589	368	219	895	94	941	85	920	23	497	841	257	643	459	275	948	360	374	382	789	171	298	768	990	468	164	382	58	322	613	873	868	134	877	527	853	370	635	483	616	3	595	50	688	418	684	723	101	99	345	66	975	260	690	839	311	370	66	810	837	962	338	857	160	41	152	928	656	543	126	997	676	356	146	41	196	644	859	657	810	651	186	252	888	124	579	817	912	76	45
