181	444	534	519	883	497	861	197	547	510	326	51
299	778	618	856	511	94	359	502	567	952	928	577	833	36	623	348	906	153	166	335	389	631	330	387	633	623	144	792	820	567	377	516	434	347	643	595	556	585	66	607	180	353	770	271	219	424	134	496	990	650	323	693	450	843	567	816	755	727	298	204	950	755	870	539	584	944	3	65	387	973	686	413	631	294	400	189	527	718	99	864	91	290	422	529	254	661	204	817	767	490	228	892	827	735	788	700	657	604	982	248	602
180	427	128	422	982	31	443	958	546	305	180	738	365	232	756	548	932	478	568	922	110	255	420	831	598	168	810	725	992	609	378	722	727	817	840	702	742	508	686	292	536	798	193	655	581	84	215	466	238	207	934	3	992	410	621	154	887	463	14	537	195	114	453	42	975	510	926	149	498	568	400	131	50	710	854	428	445	3	950	183	941	697	53	656	895	244	289	834	529	582	677	663	799	469	370	808	713	21	844	13	1	201	980	901	194	147	104	102	11	459	433	255	561	125	554	30	255	707	209	216	847	714	916	466	944	492	964	216	695	944	587	340	580	123	896	484	663	569	709	627	118	984	739	350	771	56	839	338	391	853	674	204	262	428	757	386	786	713	366	965	956	719	820	704	987	277	312	795	620	918	981	427	97	551	961	127	350	447	775	327	577	190	226	410	176	652
646	842	73	245	236	619	788	676	653	843	12	631	144	470	673	559	39	594	833	813	865	909	80	104	11	238	518	383	320	838	575	884	127	927	8	593	247	74	969	444	986	174	136	652	607	83	855	539	723	505	483	817	615	604	291	263	697	560	645	17	733	690	835	217	117	839	650	200	585	79	169	293	882	886	651	786	968	132	619	624	680	504	416	103	70	2	354	229	143	520	291	724	113	333	512	678	663	18	524	795	606	205	984	316	947	814	285	353	571	782	980	983	303	785	455	786	879	781	87	71	602	513	592	602	326	519	784	146	423	744	418	180	157	825	504	694	454	968	386	817	743	81	373	499	12	762	842	692
171	224	462	560	387	282	946	138	628	185	320	106	948	107	204	376	650	141	585	807	369	264	104	239	912	411	931	110	60	100	415	795	104	184	966	893	421	516	17	287	171	931	323	463	410	323	672	687	338	776	924	914	777	936	888	284	533	649	535	482	706	156	62	71	764	173	583	4	943	525	204	934	906	407	340	128	417
917	544	206	561	160	776	779	160	264	745	100	774	656	494	389	470	289	91	686	0	401	832	201	936	584	786	990	673	154	995	234	10	587	914	40	870	361	358	31	57	325	798	997	195	776	92	342	677	601	622	850	67	608	151	372	933	529	905	167	99	844	761	124	906	322	206	102	123	164	193	826	566	362	89	350	966	261	433	862	59	343	542	807	828	48	641	926	847	794	39	174	370	958	440	930	513	445	119	240	616	88	816	67	435	301	508	484	921	330	175	901	861	763	587	923	367	706	124	714	927	135	717	2	176	374	543	94	895	777	521	188	464
846	882	602	407	279	531	250	965	994	428	23	741	677	877	211	511	718	982	605	202	644	307	216	147	156	414	42	917	135	733	976	59	959	320	383	558	824	202	904	86	263	211	562	33	311	787	85	964	153	544	233	505	936	282	13	775	863	110	430	996	51	626	8	647	199	433	603	932	15	794	865	465	10	11	575	960	42	610	934	566	674	933	824	288	474	580	331	605	881	45	286	451	478	977	295	717	119	267	61	220	731	281	591	414	723	75	604	167	229	825	249	124	340	175	309	529	203	301	270	955	807	712	615	441	392	689	582	8	826	398	523	190	914	359	845	829	110	9	769	450	342	989	956	339	372	305	456	199	106	586	84	355	679	224	579	30	953	731	39	841	896	390
668	629	439	376	647	933	985	378	157	429	54	438	521	855	950	447	414	877	78	123	786	650	516	988	677	617	142	625	627	134	925	642	247	582	371	779	510	479	5	96	172	4	290	807	4	674	319	758	895	566	86	808	572	510	726	682	344	332	152	179	269	39	698	666	226	164	703	524	650	481	319	210	996	841	752	72	91	843	395	613	454	568	407	630	596	493	188	306	322	845	266	419	133	479	697	214	860	268	274
15	796	857	344	926	214	807	838	510	906	879	209	408	803	298	202	45	970	667	754	378	2	937	457	180	385	409	889	467	960	849	217	867	505	477	367	923	731	738	936	765	908	33	352	794	190	879	56	328	902	326	834	750	153	550	485	392	393	299	53	572	690	303	803	76	799	343	162	0	26	525	306	314	142	428	364	348	602	348	933	145	482	413	689	71	347	683	35	580	989	616	169	658	713	116	363	144	975	626	782	331	19	349	667	828	929	47	107	71	417	989	765	559	431	215	139	612	828	807	3	845	821
856	387	48	16	976	796	290	669	926	815	420	823	538	690	209	983	613	838	849	275	432	996	290	60	175	561	288	918	935	172	727	179	190	173	512	48	146	845	955	177	309	713	557	132	37	534	588	109	488	743	793	492	896	4	261	749
