985	91	194	603	713	497	342	543	120	867	21	95	186	260	597	282	34	598	196	952	499	866	804	972	317	780	772	244	88	847	9	74	225	103	502	335	801	538	163	932	310	642	619	654	117	745	892	282	365	647	717	277	631	419	488	70	826	226	351	647	93	576	173	199	412	241	295	841	552	357	841	164	721	186	956	43	730	596	973	475	28	611	641	589	478	30	818	433	209	363	384	28	781	349	295	360	189	394	333	520	194	409	436	720	790	621	627	294	638	111	204	269	492	27	440	676	831	219	615	811	145	123	238	704	523	181	747	159	473	943	13	369	613	970
779	441	401	404	125	775	457	467	931	103	452	933	205	842	707	634	413	825	100	24	858	215	305	818	749	809	761	160	597	28	924	758	53	224	278	206	668	746	651	564	874	546	237	651	325	601	856	129	496	832	330	686	13	665	431	960	949	373	692	367	659	593	671	770	142	431	781	851	456	628	945	450	987	821	154	4	883	504	148	30
379	786	265	951	662	697	936	217	83	545	367	905	734	428	38	914	618	849	97	582	733	646	580	955	627	947	540	451	650	296	202	317	906	115	471	315	118	841	436	274	290	446	292	628	743	5	781	626	218	39	475	367	203	985	448	318	456	460	780	48	576	356	159	931	937	209	95	460	350	824	141	170	589	443	729	885	468	153	882	324	662	430	427	17	328	354	216	337	847	750	285	8	955	156	48	802	727	672	969	171	583	633	186	916	419	322	766	184	448	444	556	703	531	49	240	608	203	447	867	66	721	468	626	804	589	962	460	956	122	669	443	517	119	9
526	381	258	416	830	855	667	562	37	911	151	630	338	736	103	888	283	394	994	726	498	606	989	711	298	232	226	624	74	436	244	730	808	772	853	856	291	299	653	809	356	918	486	445	75	39	703	550	338	421	223	330	75	494	159	461	708	81	290	750	444	223	660	677	764	208	533	20	851	761	778	887	272	230	567	25	395	185	657	366	274	56	444	796	280	471	720	810	63	72	488	549	329	307	950	646	842	669	970	408	866	252	635	857	312	46	67	860	975	568	467	311	602	25	425	182	952	205	214	688	9	86	306	411	601	408	452	746	334	742
892	71	388	569	37	277	985	613	656	804	212	165	824	442	680	344	977	515	563	704	625	286	935	296	402	292	740	961	249	611	615	351	846	802	885	534	848	946	117	307	51	221	788	708	458	779	306	390	881	515	443	103	334	18	86	553	430	270	397	913	874	926	729	969	321	843	447	680	230	321	98	926	261	924	80	128	328	952	105	74	450	999	634	177	854	850	38	321	787	814	561	153	351	714	689	771	224	321	46	189	89	13	922	978	562	166	760	332	861	83	281	50	81	865	559	356	549	833	383	507	592	772	770	661	361	725	81	708	71	330	629	182	489	310	140	478	27	960	79	471	390	407	816	299	263
102	387	735	988	707	978	515	289	2	540	750	933	793	785	633	735	307	984	971	388	84	783	402	938	164	308	351	381	164	421	820	502	614	999	101	722	418	693	963	832	891	112	217	213	490	200	70	367	283	434	372	486	439	534	936	759	441	528	243	750	548	793	740	472	750	657	152	436	58	31	88	811
316	223	544	203	222	743	732	196	92	955	801	465	207	598	430	403	262	832	924	519	528	188	116	59	715	182	543	48	64	248	524	166	28	323	549	267	920	124	456	78
484	135	270	82	382	711	193	356	323	696	270	778	222	430	874	441	653	472	794	912	347	449	827	798	534	285	271	182	263	894	223	875	847	256	512	106	922	174	625	353	209	23	778	416	716	215	496	931	230	561	951	453	950	929	691	999	838	414	714	204	227	533	946	663	613	269	4	917	86	624	918	789	386	245	796	114	191	452	362	358	504	661	693	775	195	902	722	846	434	229
297	153	303	627	923	890	830	166	578	99	953	418	924	777	410	390	1	39	415	158	200	837	620	923	975	788	201	855	953	317	56	123	606	813	674	701	607	457	447	222	387	751	765	531	189	24	803	650	959	314	596	986	910	595	860	503	550	630	353	797	616	66	573	802	544	167	695	358	160	322	678	853	634	599	143	731	641	402	961	306	876	722	353	634	516	613	437	327	865	472	197	266	329	113	966	317	630	852	428	544	414	635	513	373	1	407	417	631	98	71	675	544	382	43	574	638	434	443	108	929	108	690	698	27	126	774	220	593	442	822	890	601	872	120	164	761	973	358	663	286	261	727	875	23	456	612	301	527	590	930	59	716	24	502
89	229	478	837	435	103	568	713	92	731	253	553	39	863	475	915	852	656	431	416	465	207	298	334	790	553	58	422	516	14	397	256	919	948	956	110	557	762	782	386	234	974	905	590
