98	3	96	14	80	36	64	44	81	81	83	51	77
58	20	22	16	37	62	96	41	64	22	37	71	59	92	36
98	31	67	9	95	52	51	85	29	21
58	63	38	46	71	16	97	62	59	41	68	17	88	40	52	17	2	41	7	69	1	35
25	86	70	34	87	76	85	75	52	43	84	46	34	70	90	33	27	7
10	27	11	87	97	61	13	2	48	65	88	72	81	41	24	19	38	56	75
5	49	77	54	71	44	26	79	61	78	63	1	24	77	46	20	67	25
50	75	78	53	36	50	76	88	47	67	51	21	15	30	55	49	38	43	40	56	26	43	45
68	18	59	32	23	78	38	91	47	66	32	10	65	36	57	31	33
83	43	78	49	61	63	31	65	19	48	2	86	81	2	64	95	40	30	33	17	79	60	27
