833	184	712	88	670	66	582	997	870	344	648	380	327	725	602	372	755	840	144	12	538	890	71	325	224	678	402	732	819	474	995	658	850	572	458	617	764	28	901	325	352	29	771	568	482	245	259	574	675	227	629	614	954	197	150	925	626	908	945	180	467	332	416	813	543	716	579	796	956	632	549	689	675	406	855	296	471	528	84	131
950	749	262	827	209	190	283	245	584	670	889	507	599	147	576	882	978	436	432	936	999	113	155	798	94	140	743	175	378	415	779	46	517	542	32	614	312	765	186	418	966	578	756	585	391	555	909	92	960	71	379	666	223	620	34	161	647	129	615	476	301	428	433	124	24	227	48	864	551	66	147	54	639	751	565	453	924	195	211	274	660	800	707	183	784	429	97	381	732	271	813	797	531	213	305	806	633	776	669	696	939	935	374	541	147	992	503	319	114	261	950	107	253	609	363	854	972	41	179	546	802	811	128	746	525	437	150	586	144	547	189	630	959	384	97	874	906	235	376	521	122	341	475	244	937	89	661	928	157	713	868	189	321	504	389	206	51	172	903	420	865	630	380	564	525	818	46	957	304	79	855	883	621	103	828	451	266	684	787	435	337	473	110	611	652	709	923	669	166	656	331	206	266	408	262	77	67	804	74	826	956	915	748	784
594	880	970	732	799	708	581	457	261	465	731	407	442	589	727	370	741	34	280	249	427	901	671	41	137	370	617	813	525
801	609	279	160	623	365	355	105	733	36	905	570	181	201	290	859	504	871	702	369	762	548	745	145	708	899	943	49	683	785	331	805	752	979	397	985	899	486	585	406	412	151	703	350	874	202	619	497	32	21	859	966	462	411	589	284	481	909	81	580	805	449	758	520	411	163	152	509	250	690	405	733	354	911	270	525	271	4	466	229	805	615	765	442	54	555	1	893	913	188	612	314	490	352	68	62	45	101	953	46	646	684	368	649	305	144	478	919	350	428	302	989	604	610	119	163	895	730	395	566	163	299	679	933	270	418	354	640	253	758	11	0	669	825	929	345	134	342	191	247	897	674	533	793	945	928	471	772	688	819	843	400	273	156	60	197	924	30	403	161	146	101
836	858	191	713	748	20	413	608	766	670	601	813	192	161	956	361	258	935	812	646	946	209	44	375	640	151	286	184	29	688	295	30	764	123	758	469	153	295	756	517	658	300	634	709	805	937	371	626	405	143	286	665	16	18	656	1	261	588	639	868	492	734	34	870	664	536	2	628	185	694	830
662	408	927	424	63	331	765	587	996	379	742	447	654	748	694	227	609	619	777	795	793	785	892	749	59	465	607	592	210	814	300	159	95	66	815	833	787	735	685	31	759	536	282	670	301	576	398	630	405	277	579	739	110	205	742	411	333	14	869	23	798	401	115	857	891	38	978	996	652	22	447	361	820	406	732	110	422	311	499	212	653	429	649	773	495	927	973	284	68	612	557	791	1	721	955	419	279	188
578	82	681	392	105	123	865	968	349	650	949	849	765	278	263	845	851	986	406	126	545	605	73	545	692	760
369	765	361	458	360	57	666	837	16	567	411	991	248	363	83	724	716	532	538	284	649	294	69	105	938	684	920	720	797	584	547
705	462	256	261	219	445	38	184	657	987	410	267	480	649	659	333	878	705	209	728	511	460	13	540	984	479	886	541	734	770	203	238	59	548	52	531	222	302	73	539	74	547	10	212	743	367	852	459	44	839	382	439	176	758	538	65	207	316	421	815	979	192	715	8	457	313	969	714	216	961	26	939	600	20	452	927	618	114	87	585	369	997	981	193	808	11	952	767	422	14	619	881	531	612	918	938	841	986	395	113	367	270	286	496	24	558	106	245	354	778	288	706	538	235	256	371	354	717	758	659	771	471	173	206	100	122	633	270	889	732	983	792	506	974	553	513	406	612	604	144	593	298	268	567	531	918	824	66	893	680	699	791	807	235	174
395	520	235	9	351	381	248	947	722	787	359
