855	498	584	597	546	923	63	173	382	142	638	381	54	645	101	392	863	334	325	35	251	481	368	634	938	42	807	549	344	437	373	115	621	473	511	752	292	507	691	638	178	243	466	812	904	228	658	264	172	591	415	660	264	159	719	906	130	439	431	784	436	597	504	834	657	55	764	112	148	613	876	528	886	503	577	25	692	13	462	344	208	815	813	861	966	920	525	327	26	754	167	772	629	888	692	887	394	390	640	774	751	552	469	990	755	525	9	707	867	329	819	34	850	992	329	265	959	161	135	269	716	506	639	923	793	623	521	84	925	359	452	554	823	141	507	364	770	605	575	197	926	140	946	495	955	722	552	565	74	44	49	552	990	895	766	533	204	668	415	477	508	195	86	3	647	774	326	801	468	399	550	973	83	250	505	597
885	291	762	53	582	435	567	844	541	930	757	141	996	218	833	576	544	521	139	440	260	672	752	944	233	371	456	51	421	187	888	289	506	230	431	875	671	744	999	459	686	933	546	364	351	292	575	410	417	466	264	684	342	955	4	720	944	612	488	84	293	499	221	291	426	519	324	194	322	516	675	750	40	40	862	516	338	109	79	407	885	321	145	314	827	209	292	47	94	899	623	120	259	380	734	161	963	738	975	341	179	965	896	561	375	137	164	454	213	974	585	438	665	677	869	833	677	230	800	829	884
292	88	151	677	336	891	341	123	973	212	685	490	462	41	565	682	392	658	675	816	437	715	590	96	908	791	98	66	202	441	462	754	715	59	958	904	165	362	217	332	332	828	975	977	237	305	436	472	444
322	139	417	85	859	143	102	946	838	399	614	628	956	419	59	490	342	2	787	791	719	692	180	775	433	915	35	885	532	343	446	461	836	649	308	239	673	769	175	324	712	530	764	193	412	949	362	750	954	85	133	651	114	60	896	557	345	525	995	356	504	714	712	861	826	644	709	435	406	201	900	388	96	676	685	150	744	490	238	351	447	788	167	143	157	649	794	627	980	511	888	752	310	272	732	56	59	718	236	17	623	582	464	347	329	499	848
229	224	616	727	861	339	14	74	628	221	758	731	208	834	174	509	923	265	279	232	232	370	283	905	165	400	302	996	682	318	286	960	999	520	741	628	174	450	627	928	880	384	803	343	312	760	247	896	122	206	736	879	893	958	250	569	313	250	534	110	128	829	650	93	756	436	477	393	867	966	230	680	696	719	392	770	96	689	597	434	736	239	342	49	648	156	469	51	378	673	860	418	729	367	756	255	606	810	52	612	500	92	647	669	560	596	505	635	988	787	309	601	73	87	436	289	996	22	364	508	372	973	554	752	687	396	851	588	418	52	248	938	888	27	649	193	898	333	190	280	307	217	253	146	172	522	165	818	371	705	691	862	461	183	286	511	249	536	566	206	290	523	317	688	647	919	466	338	753	364	387	859	942	741	937	82	611	756	214	178	822	226	26	425	739	50	880	34	4	453	322	836	965	739	614	626	984	72	99	573	732	726	37	568	734	388
332	975	464	275	358	936	95	407	477	512	205	783	937	836	146	833	998	901	162	947	271	318	821	413	792	335	507	805	319	366	510	67	185	415	748	966	339	800	920	214	386	293	194	648	44	459	187	444	915	44	878	506	256	33	419	65	371	854	326	686	298	845	415	348	534	225
5	896	584	413	517	694	906	355	129	646	596	950	818	715	62	44	952	73	261	975	141	428	482	160	352	144	682	167	369	774	188	281	957	472	462	777	583	774	671	51	219	684	576	645	907	713	643	641	604	600	606	730	693	416	145	677	688	737	405	536	497	598
581	838	645	252	216	532	898	209	401	439	290	444	699	337	982	480	55	21	329	737	440	489	558	309	523	764	682	778	892	682	52	818	461	700	428	21	339	900	391	846	945	664	619	343
359	601	196	658	432	318	876	915	5	603	904	133	666	237	365	151	413	350	874	295	953	666	956	760	831	148	812	530	236	808	905	16	929	507	164	792	796	597	400	553	305	648	203	328	7	382	44	584	379	669	127	966	565	711	262	657	484	902	934	449	758	808
466	107	212	393	624	274	786	445	946	608	813	684	937	454	49	719	951	368	169	309	381	280	442	741	933	124	512	346	407	486	510	612	231	293	930	727	828	434	554	491	87	563	150	525	161	182	832	102	830	816	197	421	698	571	688	982	672	273	473	797	294	509	204	827	587	622	248	66	107	975	420	140	891	703	328	43	764	333	301	612	879	663	436	359	36	302	594	276	377	176	895	550	364	176	23	356	916	523	85	135	934	316	958	980	466	251	411	858	863	561	932	552	153	377	150	193	501	784	869	618	241	765	77	891	808	208	225	656	580	344	919	921	936	607	679	307	433	45	505	554	16	330	318	114	933	849	522
