538	386	927	311	694	736	572	833	594	899	150	243	583	592	363	881	250	861	641	523	446	371	437	913	33	593	778	478
842	891	633	361	670	795	275	376	519	136	320	373	439	304	265	502	400	103	146	67	333	402	985	842	468	271	117	383	988	447	729	844	855	90	803	729	543	456	678	596	334	732
423	596	121	256	645	634	770	909	416	123	714	728	470	77	387	108	452	746	801	753	611	295	281	162	779	245	861	968	962	698	302	75	183	136	654	491	922	954	387	820	953	666	229	780	772	185	928	850	907	150	401	719	418	27	3	53	965	632	595	860	189	995	743	54	257	760	214	855	191	996	470	154	600	974	234	891	215	66	610	823	861	687	899	322	440	585	220	164	98	996	170	853	734	974	520	690	238	222	690	985	826	389	582	815	825	98	505	730	402	116	196	894	925	893	601	992	458	710	577	329	220	156	273	321	681	833	663	999	255	94	538	568	600	625	84	486	577	745	68	928	425	301	382	32	171	708	910	252	684	858	976	888	736	631	736	597	176	217	442	357	969	994	279	953	326	538	363	356	356	61	150	718	845	806	987	324	733	253	186	13	272	830	987	417	303	246	149
96	321	250	48	552	833	416	254	898	307	155	946	551	459	758	347	783	911	202	295	980	839	800	941	790	19	898	262	583	788	646	256	485	999	870	149	433	509	0	54	255	552	544	986	539	768	259	667	812	740	311	343	613	166	905	307	510	619	49	126	637	777	477	990	582	475	0	318	699	14	604	56	444	212	128	488	274	653	928	932	156	104	783	131	152	73	648	514	66	668	80	298	405	37	715	114	858	146	314	296	565	303	536	724	634	371	648	304	174	657	134	952	114	635	143	722	992	944	764	693	448	806	843	634	720	582	485	614	277	376	256	44	968	429	33	577	608	976	905	528	709	603	563	615	680	147
776	26	964	446	529	442	804	77	344	989	541	564	400	398	828	822	991	82	167	750	280	834	238	687	798	609	265	348	643	93	971	847	199	466	835	5	48	868	921	129	80	610	292	675	620	867	956	653	438	475	377	593	544	277	363	984	55	864	776	136	565	27	547	279	433	139	833	574	29	291	668	529	984	785	224	572	741	638	791	337	668	307	59	945	50	178	628	506	670	974	486	384	969	95	160	495	495	312	601	145	70	939	809	848	422	43	88	894	704	664	122	346	636	850	561	253	931	401	836	204	808	142	535	913	413	752	930	900
100	568	3	562	42	225	870	375	805	781	142	876	799	731	360	994	314	393	628	11	341	419	809	962	397	654	552	102	611	292	847	432	104	393	934	63	651	963	274	283	115	690	178	868	584	757	140	310	712	344	683	922	115	696	405	732	389	366	956	190	860	186	851	100	809	401	169	141	434	634	33	378	290	499	930	74	322	951	539	873	406	330	537	452	843	181	894	466	667	639	656	672	784	742	123	790	262	30	461	850	630	900	289
636	38	165	858	173	260	345	466	757	780	690	471	904	801	486	105	139	111	587	622	738	111	538	127	732	965	41	61	97	828	667	577	643	475	823	239	466	268	828	161	407	903	152	458	480	25	56	84	127	518	178	682	612	14	878	899	849
273	881	907	492	769	605	489	203	837	858	924	34	419	934	686	729	9	779	913	18	124	458	711	258	225	441	505	952	615	623	799	58	77	774	258	914	15	74	889	23	798	495	900	380	252	371	437	759	878	184	722	628	115	128	592	310	95	67	301	514	974	914	524	377	736	806	241	510	422	480	524	297	75	173	766	788	934	195	162	931	945	115	42	931	465	538	581	987	405	793	805	696	590	466	864	240	461	19	331	388	687	902	897	508	669	98	719	853	578	492	425	759	969	688	78	381	239	401	352	887	509	982	45	636	107	19	284	638	191	281	203	2	151	958	591	274	931	389	684	820	40	532	3	704	746	755	265	82	416	273	492	491	47
521	589	184	335	315	943	237	915	502	907	80	76	964	372	411	226	954	33	68	772	714	264	755	272	298	946	0	543	417	719	446	980	721	362	986	695	835	540	108	0	339	397	598	895	211	206	843	128	482	731	891	297	261	870	11	913	929	929	665	862	873	460	896	423	626	547	194	25	439	15	647	984	315	534	801	165	611	467	379	756	322	35	96	994	338	983	674	361	416	160	168	189	542	640	444	950	300	870	22	765	851	120	496	808	555	759	358	281	865	270	704	710	829	122	120	153	163	648	938	230	881	649	166	442	328	163	370	412	141	941	992	222	96	463	266	616	292	812	552	562	67	422	67	458	299	318	717	560
218	441	93	871	783	678	677	977	907	649	944	437	760	664	168	580	269	644	676	606	824	13	346	178	654	353	868	55	613	689	498	849	992	640	72	208	375	603	839	625	818	527	43	183	564	499
