885	297	15	668	400	118	83	480	463	828	529	897	400	361	768	651	730	575	735	854	415	179	2	717	615	931	348	415	629	518	277	828	744	610	462	915	116	136	883	253	252	19	304	435	873	561	65	997	6	80	71	353	650	983	30	829	546	953	915	139	74	698	985	811	636	229	511	957	323	447	526	117	706	635	469	439	511	190	191	447	20	477	501	344	345	670	896	716	962	749	443	55	443	488	918	2	720	548	733	962	520	103	23	342	337	829	99	844	37	425	297	786	603	784	840	432	201	300	592	27	75	851	436	883	239	449	666	453	691	199	795	901	747	958	812	52	583	666	942	977	66	638	313	50	691	779	548	338	109	259	364	575	49	611	509	800	456	103	939	946	451	112	763	334	75	519	494	325	774	333	235	270	286	83	198	880	938	589	95	187	769
395	689	426	100	429	400	362	866	747	268	828	370	922	39	749	678	400	602	632	628	974	247	522	588	117	978	104	509	328	173	346	628	391	624	602	467	52	945	381	775	88	514	370	550	77	621	773	240	86	492	855	978	697	211	203	452	41	671	451	304	182	842	686	351	351	473	52	762	657	472	281	15	792	847	442	582	242	393	672	178	356	956	932	973	664	102	749	228	463	227	991	477	858	478	137	37	592	181	405	974
85	885	245	404	196	12	879	444	54	909	467	233	871	481	836	234	489	712	954	558	572	631	841	117	859	358	864	956	702	685	804	691	253	287	776	235	958	437	356	721	219	934	499	152	605	734	918	140	932	344	601	866	603	55	695	814	316	741	861	513	19	364	427
574	324	80	802	604	998	700	550	97	444	760	703	363	292	940	419	525	475	949	502	579	214	618	209	281	769	738	97	752	227	637	537	908	710	107	587	232	747	980	964	564	449	794	922	665	3	517	635	554	343	174	216	237	235	422	394	593	621	748	171	445	779	968	912	724	390	264	245	812	882	347	804	660	55	419	609	517	67	834	944	223	239	961	621	30	746	969	245	953	917	316	310	607	452	67	908	820	535	926	161	824	427	829	889	669	66	753	15	851	922	26	808	805	828	766	627	559	362	119	135	428	343	965	956	198	895	95	946	457	452	177	709	743	106	60	783	39	142	542	563	344	235	293	261	267	919	630	291	907	832	393	81	864	407	71	669	992	828	821	557	280	665	906	467	736	472	872	877	835	50	644	259	601	308	657	186	142	558
328	311	251	887	922	869	901	437	582	49	515	761	962	428
807	664	363	633	433	101	364	344	517	308	621	583	591	699	93	35	378	524	346	34	802	749	515	344	347	498	21	344	349	12	240	437	836	731	132	277	600	434	528	59	511	130	960	139	856	354	920	953	533	949	718	779	258	669	906	202	830	742	271	651	585	813	219	714	937	99	811	385	757	417	580	850	275	744	91	272	868	272	620	744	77	13	205	641	873	316	128	943	330	511	480	196	941	301	586	306	440	931	719	361	682	751	529	566	550	158	393	558	635	908	650	80	282	988	881	615	461	373	697	364	29
733	142	829	16	796	71	290	928	470	472	409	569	307	488	353	93	652	531	792	386	877	951	792	426	704	366	735	260	512	464	226	966	311	252	489	556	811	816	275	579	632	120	978	102	190	977	207	342	337	703	157	313	20	17	993	684	530	373	910	647	419	159	299	73	384	367	484	487	489	65	409	808	401	471	371	981	963	954	986	87	162	817	806	267	952	426	924	901	439	873	192	676	697	52	538	445	944	963	685	841	254	219	423	228	14	528	943	737	601	421	364	343	198	872	709	977	420	149	874	99	864	480	506	502	692	545	267	521	656	819	117	182	407	847	228	610	282	81	802	596	804	109	910	130	762	999	961	272	642	269	497	109	443	993	642	866	739	910	149	179	843	831	374	981	937	379	335	473	89	912	20
858	632	628	777	589	370	941	888	160	916	143	670	224	985	71	78	927	598	498	133	999	551	306	360	260	937	725	170	452	746	620	657	937	782	85	428	489	360	423	653	611	477	42	742	477	650	660	703	375	941	310	492	995	792	601	279	938	10	367	889	187	789	631	551	617	428	184	496	664	751	415	247	528	431	277	491	208	388	504	741	163	719	704	133	370	802	539	57	721	529	54	853	406	55	115	332	505	510	455	592	961	629	633	146	655	471	514	687	594	173	523	977	823	726	62	687	89	20	458	494	836	211	822	977	527	679	407	665	774	543	263	873	867	213	271	792	146	466	326	794	450	169	582	369	110	846	676	734	217	654	861	251	448	236	400	724	339	626	341	535	823	616	579	208	29	277	919	370	880	57	915
954	580	257	820	918	52	371	686	301	116	847	219	173	489	482	434	925	761	935	325	285	870	490	659	844	525	2	326	747	708	381	120	998	849	175	435	349	834	408	11	603	679	557	356	924	731	740	749	943	103	355	702	159	674	174	683	951	813	293	982	353	500	888	105	42	228	37	431	378	859	44
537	162	820	884	998	854	920	426	864	410	17	893	655	96	876	147	873	609	277	227	168	295	678	941	631	108	789	716	458	728	328	811	287	423	297	779	71	844	233	691	386	23	404	806	585	426	833	706	966	829	13	870	915	818	389	851	544	305	687	284	514	24	654	159	690	119	833	220	333	391	722	485	950	490	36	101	936	671	597	698	724	918	158	246	883	641	104	265	486	368	365	246	564	318	157	820	856	40
