330	990	924	69	80	361	719	357	191	941	171	512	513	267	99	633	578	462	535	415	702	862	604	596	117	272	397	984	16	945	232	782	372	80	411	602	294	862	797	651	827	654	789	507	68	150	623	183	868	507	754	608	618	917	317	23	392	507	752	661	130	680	566	302	229	971	227	624	275	453	647
979	329	511	483	494	411	973	490	916	683	516	846	256	133	630	411	944	35	644	985	712	469	564	563	616	810	532	964	656	137	78	557	291	679	850	101	661	530	273	840	45	630	903	77	361	488	240	625	572	779	482	319	918	531	330	257	972	464
391	195	420	392	364	141	226	785	859	507	539	845	949	815	570	925	100	939	796	111	609	193	263	493	552	531	441	464	37	208	927	965	290	867	847	530	796	457	684	266	967	126	251	882	769	398	58	529	345	731	489	526	98	630	59	760	682	136	585	12	617	388	155	658	406	560	499	177	188	450	559	359	840	60	533	981	83	667	353	380	330	55	102	853	300	586	661	625	415	525	538	105	889	689	233	733	651	506	908	694	810	67	437	4	929	872	654	526	435	708	457	951	782	999	474	377	818	268	103	145	927	377	167	14	500	999	365	513	60	880	136	498	205	880	222	661	383	341	195	505	108	221	225	681	75	302	955	355	979	218	685	977	619	844	512	220	829	40	461	64	638	851	872	179	488	343	156	63	857	759	310	228	604	407	235	490	112	763	804	322	108	607	115	776	35	874	357	567	942	888	127	857	151	832	650	457
774	186	688	45	801	406	424	554	467	937	747	837	997	459	340	155	192	254	341	194	18	15	339	791	565	890	779	852	914	485	793	787	386	152	664	527	590	547	172	852	21	321	448	510	588	715	23	817	906	55	427	523	709	744	46	381	87	297	47	581	87	9	288	493	375	877	603	639	862	938	398	836	322	134	847	426	363	251	344	896	294	847	565	641	821	417	556	964	45	360	689	143	287	607	785
577	709	248	669	419	572	250	252	241	420	667	335	924	529
973	19	227	344	766	493	393	24	935	187	187	726	987	406	0	557	650	309	896	740	428	52	780	594	316	976	910	500	562	868	366	419	696	244	661	507	210
767	347	620	240	283	85	881	926	195	685	919	412	920	718	780	231	46	316	851	58	783	395	827	887	641	660	506	587	916	812	711	807	601	306	570	270	860	994	360	597	638	737	804	455	95	205	927	998	55	350	181	628	774	916	569	348	485	156	847	721	859	365	665	34	110	758	860	954	931	406	829	309	927	73	862	675	719	42	71	139	605	303	936	556	932	972	655	958	390	163	802	484	629	554	178	724	865	70	472	918	361	519	179	980	169	384	931	968	913	272	549	936	462	432	265	493	527	259	787	49	883	129	953	729	110	858	911	236	118	357	572	539	439	661	601	383	792	207	597	528	33	696	765	118	883	166	686	566	854	541
503	435	799	333	72	760	452	411	771	465	587	905	210	712	31	316	718	166	904	737	525	648	301	264	492	407	784	136	904	612	730	416	713	199	892	312	749	79	703	59	870	135	578	367	746	780	78	53	431	644	530	575	125	976	501	483	104	78	245	164	187	346	286	996	233	289	897	991	306	711	223	157	368	316	323	514	764	629	331	4	390	525	351	574	670	66	379	983	536	372	178	506	835	978	684	98	455	771	931	461	328	601	975	273	438	665	857	214	40	576	947	597	543	451	742	24	748	664	795	975	619	285	626	952	631	81	631	340	630	424	394
201	922	545	973	257	956	84	249	719	6	862	811	938	700	504	259	229	424	900	486	373	631	333	905	184	392	395	995	185	404	979	925	908	585	352	148	422	226	822	857	41	308	507	979	609	497	986	485	241	846	676	873	255	391	673	961	462	233	987	130	921	827	984	51	597	273	624	599	478	460	788	846	823	723	854	59	381	872	852	48	314	228	602	821	976	182	303	83	682	198	269	774	127	688	814	611	334	258	800	153	825	617	153	445	51	575	750	901	619	34	943	266	823	692	526	777	689	608	219	599	24	118	582	584	635	232	231	335	543	792	14	101	71
360	415	110	444	34	634	418	215	669	608	604	962	837	409	563	293	334	519	873	650	108	123	793	828	29	462	558	692	761	972	423	598	813	8	627	696	686	885	677	53	962	917	692	663	425	601	288	884	440	968	433	292	482	261	341	213	497	534	416	173	389
