499	360	194	673	376	92	118	105	143	525	279
35	364	508	206	813	621	133	186	993	50	155	984	466	960	926	161	479	288	830	666	287	88	852	645	293	536	997	383	633	874	484	202	856	171	662	749	909	312	56	28	240	875	699	852	244	150	22	403	812	516	771	657	435	749	136	735	666	112	369	693	937	167	149	824	389	938	724	540	830	675	876	605	254	712	487	616	812	113	409	417	787	4	797	735	567	559	159	776	919	469	643	993	737	987	962	797	918	37	125	619	915	696	674	630	242	169	799	248	228	806	169	627	458	31	70	63	229	858	470	441	611	157	874	66	673	24	71	324	356	786	145	346	478	61	782	65	601	934	513	40	631	977	50	224	145	685	169	413	650	624	941	614	760	540	158	215	440	783	335	559	359	264	246	427	908	197	477	434	432	186	109	56	549	374	487	990	717	251	588	422	191	913	72	480	134	594	699	835	741
804	481	482	56	710	322	692	915	981	499	833	512	635	195	255	609	522	22	120	265	898	52	622	668	36	961	920	756	983	887	518	989	443	97	674	51	776	786	382	822	509	19	116	280	419	378	645	94	213	925	659	110	31	978	435	729	357	512	856	498	712	711	243	413	167	441	187	698	590	26	556	864	113	561	240	216	281	620	419	157	310	924	985	121	162	400	727	242	777	947	649	9	906	827	148	543	177	848	613	301	376	402	500	176	729	932	880	42	742	311	438	548	660	882	120	14	305	761	389	881	691	747	877	51	340	435	859	549	745	353	429	760	829	323	303	756	710	881	957	607	470	96	15	509	418	609	845	731	289	391	755	960	637	505	545
110	451	978	700	984	974	347	805	451	565	152	813	600	542	21	125	113	805	355	921	481	813	802	266	727	12	574	855	412	877	87	328	711	150	763	809	653	732	284	427	40	846	132	326	132	63	682	309	421	189	127	184	734	725	622	81	480	78	412	855	161	751	678	611	860	912	240	522	769	627
534	328	944	328	135	130	28	827	388	572	591	894	54	569	35	231	903	450	309	889	494	168	993	570	259	14	625	73	865	34	435	38	769	801	305	369	264	36	243	663	675	364	553	826	673	665	526	306	614	825	874	116	887	69	508	557	504	741	29	7	904	769	889	318	998	277	631	648	807	122	441	36	241	151	255	738	820	6	548	402	352	279	590	523	275	485	856	134	652	128
919	81	738	993	419	560	828	458	892	843	494	805	833	283	727	763	18	540	705	997	793	827	152	230	670	958	377	885	937	437	640	853	515	397	95	747	461	850	234	744	224	767	648	762	274	412	215	587	959	304	428	808	880	638	608	4	815	325	888	986	873	442	356	597	22	547	83	957	411	803	715	353	662	170	672	621	536	648	779	908	486	942	98	330	636	174	433	333	945	528	939	488	826	269	397	674	806	287	877	260	450	490	178	811	934	627	47	698	36	751	409	200	528	17	608	249	56	327	123	278	928	783	413	863	75	159	978	1	42	394	87	57	173	530	817	93	917	346	244	650	273	719	882	410	973	942	406	761	268
638	287	402	601	161	695	629	185	162	274	861	192	618	320	165	54	658	969	387	212	429	637	413	179	732	148
79	214	158	896	225	453	359	746	576	523	360	462	458	610	242	798	768	704	497	624	63	786	591	449	193	779	824	630	184	847	963	722	542	157	842	507	269	399	266	570	870	761	418	387	822	232	313	781	252	467	810	601	863	356	112	818	582	498	366	528	163	736	472	951	293	812	875	123	139	481	822	346	34	443	180	778	125	158	34	650	589	586	938	682	543	399	531	718	149	785	688	946	223	978	599	58	422	795	121	578	888	296	890	755	861	225	187	188	380	173	892	785	430	406	869	721	889	891	921	278	866	517	478	238	834	303	896	811	469	571	766	478	580	283	91	318	857	247	488	706	362	448	925	978	153	671	374	40	748	261	10
977	262	796	249	480	989	283	252	992	687	91	221	452	942	267	142	444	974	321	435	148	568	386	139	969	605	462	184	616	688	390	196	27	253	262	115	465	611	785	685	88	86	473	95	7	194	974	769	443	707	251	888	612	890	515	763	539	292	414	326	138	965	515	331	703	528	723	160	736	949	814	23	425	279	135	353	59	791	545	936	197	26	432	542	687	601	110	185	127	152	156	94	700	400	22	34	106	537	338	556	538	133	393	774	30	388	385	582	210	95
86	281	418	487	716	663	143	770	693	508	906	404	754	946	677	293	563	759	142	650	979	292	475	610	953	189	285	868	615	903	706	541	318	581	578	52	364	293	156	611	101	723	625	680	866	692	436	886	215	3	479	242	237	358	783	21	606	362	837	192	895	47	257	713	460	178	512	13	419	769	641	199	877	63	179	344	122	360	430
