469	128	822	652	25	265	378	340	513	42	668	131	210	701	185	784	99	448	817	825	780	657
969	347	524	866	908	136	656	851	407	703	179	644	910	106	704	482	72	861	751	65	105	390	983	551	458	822	898	263	844	581	764	454	269	147	718	289	739	275	389	194	870	718	457	444	341	716	308	859	766	290	988	356	480	738	12	732	231	398	120	804	160	818	179	95	986	671	943	986	620	425	976	941	206	743	968	201	100	707	842	310	935	694	951	57	368	575	880	794	522	518	111	837	105	944	56	202	403	494	945	414	473	875	339	866	840	354	312	774	26	250	244	914	415	944	259	279	221	201	854	559	651	329	648	245	571	395	114	732	586	116	115	831	733	731	311	387	465	347	609	584	404	606	882	858	595	281	861	514	392	74	706
977	74	741	940	496	400	732	521	521	365	230	831	593	691	185	203	129	760	536	150	461	732	248	354
705	16	666	200	598	446	227	340	242	805	23	137	364	492	110	614	785	849	512	545	44	318	760	145	971	652	750	992	797	258	990	131	29	166	496	877	267
787	413	315	450	615	391	429	729	205	973	975	349	130	488	217	183	205	970	690	913	358	927	504	906	808	365	687	463	477	352	305	433	815	47	393	477	674	306	30	171
4	4	787	967	367	114	855	706	193	658	276	324	487	932	566	43	20	247	359	934	725	577	422	486	294	15	80	469	647	291	275	388	955	401	811	442	749	737	272	365	67	423	293	371	781	957	358	47	246	180	947	120	326	986	600	718	719
317	418	177	647	244	534	244	999	127	961	134	808	305	466	813	864	896	654	993	35	711	498	357	222	440	852	570	937	900	440	116	208	131	486	652	519	387	676	213	287	578	360	692	8	390	123	557	156	974	167	346	46	497	417	148	306	796	108	46	465	652	41	109	229	360	57	971	777	466	814	784	296	237	718	295	123	774	104	678	300	575	740	841	421	505	624	409	615	774	824	622	466	274	886	882	300	410	586	440	363	746	580	395	241	547	82	143	651	480	107	711	639	109	681	459	919	757	62	470	968	957	675	668	774	277	930	465	197	779	324	101	182	605	407	97	54	267	444	178	665	768	705	102	692	204	304	44	927	381	540	525	497	408	467	728	796	122	945	489	412	227	582	382	468	904	189	151	257	964	536	193	362	737	714	389	16	69	67	939	5	370	747	831	287	358	363	591	511	226	221	338	688	180	966	271	80	564	202	695	26	541	503	116	733
494	239	207	459	390	624	161	167	503	621	141	531	650	473	71	253	415	124	743	432	892	551	603	616	333	656	997	603	810	54	327
278	883	149	39	84	919	976	532	215	635	468	525	441	790	179	560	643	455	76	69	240	751	976	19	615	627	347	529	457	141	889	916	56	794	306	685	716	383	196	59	859	441	205	855	216	206	300	376	710	488	336	836	457	466	243	406	129	230	606	928	502	203	155	359	169	24
257	248	962	174	555	628	166	743	625	162	123	28	878	808	796	774	920	263	895	491	545	882	948	724	998	720	577	112	159	380	560	800	344	861	502	750	773	237	732	233	354	739	396	169	524	195	474	565	629	833	300	352	468	654	778	165	95	145	80	5	602	912	963	725
