181	596	998	491	813	349	464	737	469	179	768	770	398
58	654	816	535	814	896	72	462	588	395	578	352	560	256	799	393	536	109	148	109	644	292	786	803	221	797	43	710	755	285	127	104	101	269	173	529	613	859	249	958	238	340	559	585	74	647	283	319	804	92	904	238	750	753	98	545	338	341	638	239	861	879	308	0	749	319	127	114	720	981	32	848	844	594	354	90	791	251	594	944	111	333	423	268	845	178	498	781	822	48	366	146	650	648	370	181	235	774	94	78	814	260	533	703	680	327	321	588	413	595	570	876	930	490	463	806	501	323	358	261	230	22	554	614	762	535	763	325	487	470	941	159	997	660	542	172	62	153	735	890	344	154	359	286	406	435	691	878	987	138	940	259	800	200	494	876	320	389	10	610	723	702	197	14	151	906	297	59	542	137	986	152	534	709	749	332	750	152	262	426	166	467	869	529	580	431	867	877	170	832	42	302	734	730	928	736	432	79	705	101	106	329	384	893
89	62	47	160	101	692	567	830	864	679	80	443	299	909	192	743	856	514	49	329	759	869	419	585	677	881	195	888	139	827	850	357	697	399	412	632	955	447	792	69	795	300	452	932	610	965	737	342	602	75	590	95	165	503	521	11	518	75	639	559	726	43	807	876	289	868	292	331	674	575	979	259	76	789	957	629	148	905	434	333	153	718	604	660	821	937	368	36	945	259	620	596	738	786	877	490	477	686	168	779	286	664	447	57	11	644	994	346	501	914	174	673	931	367	810	598	635	983	148	198	37	914	391	107	288	106	112	826	974	697	102	260	639	389	253	961	861	898	860	739	917	951	837	316	640	851	671	786	29	174	165	346	669	983
907	212	334	191	30	599	740	33	609	635	767	491	933	337	332	362	568	103	49	813	178	623	60	71	446	754	555	891	86	852	28	577	362	666	620	353	554
126	51	852	390	571	42	156	111	305	745	793	377	958	244	911	329	934	2	794	490	861	255	974	793	641	776	43	397	620	215	777	284	178	458	921	530	976	375	561	416	675	88	595	562	107	442	4	741	37	699	647	405	429	679	374	359	649	718	976	324	160	139	848	256	128	832	568	402	735	315	630	239	509	911	387	295	891	197	887	707	25	599	553	792	916	704	78	608	951	265	871	750	194	793	247	766	480	12	922	892	173	391	248
367	18	496	404	384	228	175	642	925	366	0	850	536	76	455	710	3	528	352	861	313	777	244	200	349	867	386	254	265	344	717	322	689	479	743	247	809	78	290	550	0	851	300	421	149	167	702	142	910	271	822	263	34	129	304	37	446	545	170	865	912	727	994
754	981	233	86	270	327	493	882	473	464	535	47	101	956	76	229	339	396	931	141	199	143	855	32	806	59	888	35	283	702	418	194	692	177	526	497	777	783	752	747	513	697	489	597
778	94	923	477	404	659	683	181	127	156	596	902	329	462	133	802	748	838	242	266	565	947	861	60	601	467	168	178	284	407	318	99	411	751	157	549	656	10	570	857	363	488	85	594	133	330	683	254	158	367	664	781	416	536	314	128	848	405	714	90	349	47	455	251	978	23	988	142	406	117	473	886	214	526	52	12	498	777	390	876	346	44	3	607	63	558	904	729	393	761
438	707	81	583	680	397	985	441	95	740	79	282	821	90	988	858	362	138	636	229	287	171	620	55	798	858	278	947	838	780	711	138	597	214	578	147	807	756	623	941	150	617	847	292	241	679	656	77	344	994	179	137	334	122	644	891	928	413	589	98	228	284	430	130	843	897	191	787	142	363	451	320	272	692	816	742	37	450	153	818	50	501	798	851	261	148	901	712	111	7	179	247	353	99	388	569	948	129	802	404	239	277	42	24	623	596	212	257	650	237	812	768	424	974	617	733	586	391	168	601	490	979	744	352	127	662	389	381	33	887	130	534	665
719	897	241	157	296	448	601	639	944	836	573	472	672	488	819	220	901	256	601	648	450	880	598	667	482	405	503	994	640	916	918	158	50	294	54	468	967	321	484	150	888	136	880	373	940	41	397	385	982	87	894	810	548	127	346	242	872	35	198	449	871	346	878	168	137	582	385	613	539	989	966	299	113	466	258	185	765	414	13	533	359	489	180	632	271	485	602	307	57	305	740	971	660	116	167	700	420	796	639	12	78	639	646	941	194	665	921	481	26	689	398	77	419	160	831	316	724	603	58	204	492	499	446	42	330	477	470	200	264	120	789	951	697	537	857	823	147	764	951	707	166	806	92	0	194	71	499	204	431	387	898	839	229	515	132	389	177	793	572	458	526	672	955	426	835	506	439	760	577	110	693	699	320	933
