892	903	880	576	730	858	129	520	763	21	714	964	349	2	740	737	427	480	310	753	58	422	492	359	641	281	596	845	852	314	873	55	734	250	443	921	667	617	125	853	444	703	493	97	973	674	798	515	101	936	649	716	958	307	28	177	208	295	460	20	882	136	519	306	147	768	626	781	772	278	421	528	963	858	407	789	676	128	16	218	553	479	176	577	527	243	496	476	597	245	902	862	515	635	447	504	701	56	565	132	571	410	264	983	833	466	974	979	545	716	755	965	373	234	687	593	5	21	443	319	0	386	593	656	102	95	327	41	202	600	825	895
426	792	568	636	874	269	874	663	202	196	898	103	352	505	528	20	650	920	188	385	184	556	78	747	328	532	776	634	945	60	578	55	809	198	886
93	807	259	233	402	31	132	145	107	781	894	388	916	542	573	396	506	400	172	978	954	225	45	102	847	225	390	107	537	205	773	710	171	707	730	926	959	153	214	919	515	278	624	780	397	935	141	292	22	56	915	703	431	895	430	280	938	268	516	451	805	95	899	674	832	238	489	705	636	216	678	351	48	144	305	162	181	3	992	4	566	613	676	467	146	313	727	929	64	312	311	478	862	8	386	519	834	798	306	96	378	644	872	632	310	807	168	566	503	372	969	564	282	164	633	855	232	122	32	133	865	846	774	757	401	952	316	402	126	796	277	118	389	810	738	36	904	722	838	148	556	867	882	989	795	99	576	778	855	937
172	599	915	575	664	946	794	356	260	392	770	968	632	559	616	926	728	420	605	843	590	379	744	557	188	384	73	47	494	687	619	951	406	133	573	728	334	335	197	705	729	897	849	814	623	335	659	92	320	67	491	743	840	284	627	365	563	151	219	948	434	676	429	52	262	380	619	659	551	289	369	786	228	529	311	792	86	313	964	60	635	803	168	659	914	456	457	631	619	781	111	988	455	250
262	537	528	350	284	119	57	538	694	833	400	543	335	431	408	386	925	553	512	951	564	854	29	688	510	9	167	826	736	297	123	154	678	860	668	295	679	284	840	335	403	39	249	891	417	172	779	28	989	390	880	871	634	163	401	468	991	367	894	497	941	610	437	190	884	701	416	827	997	741	797	20	511	990	5	373	464	381	860	58	914	722	167	59	892	226	673	278	938	512	169	60	399	284	46	750	213	284	822	524	579	967	420	486	408	107	292	674	268	988	42	221	76	511	588	986	418	54	875	227	874	599	21	891	142	83	962	426	475	740
429	868	354	141	508	991	555	186	466	493	316	951	388	705	656	254	455	289	812	891	73	897	140	214	298	67	36	908	860	489	998	519	985	972	688	508	934	268	423	186	638	531	251	839	3	975	907	516	595	94	719	35	609	772	382	675	217	674	56	973	176	822	476	101	481	176	845	143	756	948	614	957	582	337	61	705	245	214	223	998	413	592	83	100	661	174	873	486	165	730	970	651	342	847	316	860	38	738	854	724	556	914	286	256	702	890	544	602	12	0	623	492	196	105	598	596	756	830	511	97	746	365	242	422	220	390	746	339	599	27	273	511	119	143	653	920	693	855	5	906	345	858	99	485	440	693	503	494	647	477	672	791	899	440	37	15	608	264	920	758	335	39	45	723	730	818	588	201	516	631	404	602	229	519	413	399	711	307
470	833	383	27	212	52	934	774	66	885	78	259	651	347	465	899	758	379	288	117	40	318	436	23	528	330	173	423	632	865	531	688	291	867	186	260	376	149	806	653	10	345	788	845	682	519	392	603	643	212	545	328	293	439	784	691	449	11	435	412	579	938	22	991	180	799	329	416	640	339	675	137	32	792	375	301	101	791	474	220	864	7	6	789	428	466	0	211	725	387	980	694	417	459	342	401	681	989	424	721	107	472	972	124	438	937	632	911	37	828	153	712	788	669	420	55	528	11	179	436	828	416	980	683	500	790	428	500	977	539	718	186	175	461	570	352	869	828	958	717	327	185	853	747	211	494	245	953	203	245	377	406	750	74	468	776	889	439	688
182	7	373	459	307	990	21	85	837	333	502	183	631	787	713	631	703	645	792	47	564	58	562	794	763	89	491	980	307	571	467	368	28	892	765	275
697	368	689	953	336	498	834	436	158	716	788	300	517	396	952	579	278	791	613	820	628	587	113	50	429	613	882	736	124	511	905	615	33	669	113	42	444	268	182	92	530	682	428	114	640	208	33	882	404	250	114	932	319	565	715	34	617	547	819	995	153	193	989	256	663	231	786	235	118	921	304	147	25	96	47	769	591	240	996	983	329	772	590	790	36	168	835	486	42	14	880	757	9	666	60	210	585	494	711	473	237	14	914	503	374	385	999	512	716	373	802	674	434	302	270	165	276	360	563	956	701	748	557	820	934	414	221	78	565	111	315	482	108	282	172	794	977	298	347	728	929	926	678	75	435	136	900	895	628	730	891	329	409	296	885	516	268	748	320	724	405	238	263	73	696	157	793	373	940	403	930	375	341	818	227	686	680	238	290	310	282	817	932	695	419	534	862	993	771	715	406	188	642	636	225	834	714	56	17	134	802	343	841	649	371	476	959
911	341	422	690	627	314	52	347	760	331	573	19	654	286	620	935	215	552	412	974
