356	749	894	935	148	554	177	850	345	163	426	686	410	119	367	546	492	129	851	512	776	58	731	418	7	683	251	252	436	577	789	542	971	330	564	886	940	100	969	16	64	169	51	812	629	462	204	564	167	970	11	506	836	403	176	871	805	761	406	236	641	499
927	132	544	449	989	885	425	670	5	518	822	208	97	990	237	686	334	666	265	217	318	185	305	471	36	619	293	897	300	617	117	80	455	814	82	895	951	416	922	233	121	778	595	623	719	551	437	282	16	888	682	637	929	541	509	976	836	996	139	732	668	117	942	652	540	20	4	132	721	168	491	54	725	667	975	7	216	526	219	305	902	559	517	96	136	683	757	374	741	352	115	8	261	317	42	314	45	283	272	33	128	459	148	781	682	47	535	62	536	427	829	153	772	361	479	195	111	106	521	603	828	85	933	812	580	352	232	795	260	589	416	648	224	235	1	402	361	519	306	262	178	781	743	665	666	170	771	776	13	877	78	109	148	826	335	719	195	872	472	155	788	177	589	608	382	222	964	608	130	627	384	447	659	726	143	249	738	781	954	461	710	633	367	205	639	761	135	429	211	279	766	965	735	142	707	144	28	310
349	703	820	598	849	982	571	997	463	133	751	336	659	669	608	835	222	397	339	980	702	573	594	494	621	750	827	458	347	53	955	983	701	842	251	926	898	434	610	242	331	684	513	694	634	342	872	713	224	877	794	451	3	738	840	228	329	699	736	141	8	926	814	234	598	92	692	941	181	61	413	664	509	986	662	779	918	563	560	58	478	602	771	317	512	88	634	451	49	693	32	967	465	999	959	322	973	853	569	71	66	69	531	51	971	574	629	875	395	246	820	119	407	962	690	874	896	677	731	212	761	610	564	848	78	474
499	100	698	927	550	571	804	156	536	873	935	14	454	187	272	903	804	152	480	180	967	639	993	731	399	256	237	487	315	873	135	993	462	690	671	721	153	624	591	39	864	83	276	614	57	449	396	931	917	440	794	681	579	798	108	474	872	467	377	750	580	75	106	155	448	550	163	278	413	835	328	390	913	106	958	579	4	614	873	522	528	494	374	404	444	913	977	536	546	599	898	292	704	728	960	932	828	569	412	669	187	471	166	101	665	675	403	750	964	913	692	817	482	676	727	786	730	867	302	298	249	566
77	411	712	154	853	643	755	679	738	289	92	815	80	506	563	37	734	953	659	962	931	269	215	808	603	711	183	343	8	519	499	493	782	855	105	575	475	433	215	446	968	371	510	252	872	451	805	159	647	274	478	520	281	5	119	11	497	357	382	652	660	885	620	814	910	499	251	618	540	39	248	700	594	432	25	380	213	388	58	778	959	365	115	697	382	484	797	379	789	661	89	402	399	104	520	716	609	565	213	704	301	266	957	652	312	482	632	896	822	349	160	907	909	430	576	472	90	995	788	264	856	695	324	114	248	992	253	965	480	714	979	770	805	41	996	424	870	630	564	999	386
958	962	156	916	395	103	726	808	347	767	119	447	230	686	798	664	725	123	686	735	885	698	377	234	146	391	767	9	851	320	447	689	454	832	968	342	474	918	372	124	46	113	721	918	673	464	761	856	881	93	497	680	317	298	627	369	799	184	88	662	657	92	803	321	329	940	397	566	740	205	623	255	482	286	629	329	136	864	184	358	182	591	638	184	722	990	276	594	65	104	515	269	731	825	297	461	402	93	330	799	375	920	524	975	411	535	723	345	415	734	849	907	922	51	86	757	594	526	214	276	954	946	211	181	473	455	138	971	703	70	874	191	752	739	750	358	127	672	941	625
958	786	792	931	23	553	873	99	615	244	595	168	31	991	181	14	942	729	540	518	94	989	324	654	731	308	889	483	644	470	566	394	716	954	25	125	906	953	586	317	431	929	808	580	497	264	881	94	416	818	703	485	849	942	844	303	604
72	696	767	87	0	716	219	637	371	533	248	280	570	711	758	157	627	751	359	47	363	655	135	909	608	232	404	8	917	93	675	870	367	391	915	148	786	973	92	35	522	488	746	139	982	0	508	253	77	743	167	893	868	54	142	228	691	953	444	361	572	327	910	7	780	484	888	16	620	783	907	173	715	799	257	734	527	883
486	198	653	530	502	245	437	476	340	496	161	949	518	930	679	896	338	871	451	358	523	9	11	699	257	921	476	498	142	381	767	189	111	627	795	698	882	709	730	734	358	997	778	174	309	857	860	690	883	345	970	384	71	453	592	703	194	1	348	421	249	977	419	268	798	50	928	167	845	389	735	813	478	210	211	605	663	36	574	860	423	895	901	264	535	176	133	336	370	144	369	685	576	231	272	7	55	268	424	210	676	108	439	374	859	788	12	37	227	835	101	688	882	919	281	69	836	318	516	582	861	373	366	849	90	653	122	720	107	594	55	698	461	233	418	218	329	903	907	600	699	954	239	537	116	530	154	161	747	410	177	5	956	349	582	656	913	385	478	879	690	678	208	810
884	587	770	56	11	650	178	832	467	689	475	648	437	775	424	659	556	586	602	460	130	974	853	794	379	822	742	433	640	934	737	671	943	111	627	175	532	399	818	656	855	18	624	122	714	645	377	464	855	887	211	330	990	315	109	506	897	860	928	581	178	237	139	260	297	654	247	796	839	983	605	74	876	181	807	403	799	346	328	272	236	494	51	293	394	59	465	47	726	12	801	941	33	223	607	173	389	132	147	693	377	624	892	442	215
