897	207	506	943	548	317	944	265	152	605	643	939	32	364	200	955	59	43	601	708	660	129	142	307	666	434	688
862	44	757	265	118	497	521	457	743	354	222	792	851	920	75	958	38	161	201	701	363	32	590	886	909	71	696	420	255	187	892	284	645	60	564	421	290	678	310	157	825	461	892	800	57	321	810	194	248	392	181	19	37	697	752	356	700	237	767	87	518	505	735	599	530	105	405	12	299	171	637	99	617	67	832	269	515	588	823	213	725	484	690	923	985	885	767	975	845	103	471	138	304	616	624	355	480	881	394	844	604
726	784	812	712	801	148	339	645	976	778	910	461	382	829	429	62	694	819	111	372	460	363	711	658	646	47	667	923	943	539	502	490	979	257	920	208	459	482	371	678	335	633	669	822	535	557	259	464	441	607	543	993	809	670	597	654	93	66	231	89	311	0	159	863	83	375	185	40	643	652	597	666	342	953	545	335	269	939	839	147	351	499	275	801	940	762	826
284	747	150	577	576	939	179	78	65	333	5	8	980	19	920	625	223	681	435	432	659	639	158	617	41	125	885	410	173	63	415	830	505	536	716	947	288	782	603	824	837	835	51	290	629	170	72	375	902	46	100	865	383	149	524	801	751	963	993	456	434	459	318	622	633	488	624	985	662	122	133	821	444	255	105	60	542	154	256	207	150	682	690	116	499	995	619	816	382	934	502	121	781	573	438	221	349	96	683	417	448	133	978	360	820	272	762	562	981	281	308	582	0	866	727	310	595	880	854	969	989	163	444
785	608	300	645	950	333	400	80	991	178	642	419	952	722	604	995	435	918	99	46	643	193	730	278	433	553	58	981	937	659	720	301	564	141	559	619	51	969	83	951	251	431	961	325	815	210	127	633	202	515	625	839	771	391	560	813	492	203
333	323	157	129	502	858	379	58	685	687	344	150	999	599	224	893	474	746	470	788	746	963	280	736	952	229	400	909	389	532	318	290	945	82	139	608	825	872	94	247
532	301	8	881	8	740	933	484	128	491	379	39	875	826	466	805	525	962	393	96	568	25	631
246	167	82	828	662	12	435	325	997	243	691	738	594	54	886	414	983	248	116	546	785	331	314	11	467	473	916	694	153	441	993	173	260	72	611	26	406	510	196	667	234	805	691	765	286	650
880	352	889	381	523	767	59	852	259	398	385	203	415	273	248	716	475	161	560	832	791	43	342	879	820	223	433	725	608	977	817	686	902	250	282	811	604	862	620	22
755	329	318	819	954	792	997	275	26	117	795	818	299	588	582	146	979	41	175	819	208	668	468	548	728	739	336	835	382	146	709	579	972	676	503	705	849	679	687	208	497	269	492	932	493	257	516	457	799	39	997	339	467	939	483	468	26	209	488	44	892	865	677	833	242	423	574	709	937	898	815	857	162	534	4	299	198	915	429	603	153	436	298	489	177	132	628	549	853	669	604	986	951	519	807	582	468	785	58	230	258	378	720	935	377	58	338	806	722	558	546	798	911	152	213	564	138	361	12	39	12	543	30	433	619	834	17	735	84	358	593	77	685	377	579	191	620	143
