777	83	517	917	109	501	884	967	646	129	59	479	495	606	198	956	180	638	348	584	684	454	507	763	383	527	162	544	653	117	839	159	546	909	102	331	784	462	26	909	64	185	557	932	684	235	765	474	218	759	950	44	367	479	362	181	800	462	793	864	41	11	549	586	926	662	731	63	653	749	258	520	79	489	798	598	218	720	566	505	194	544	351	981	869	698	32	177	97	953	810	881	862	803	732	776	335	604	301	550	513	528	951	191	101	449	575	938	877	211	125	600	788	810	237	713	152	8	190	991	31	98	388	325	866	105	55	398	587	805	552	332	357	737	367	741	456	153	912	77	225	584	769	964	763	191	419	646	180	267	911	694	777	159	457	358	462	194	370	831	140	872	779	745	763	517	796	984	75	324	678	851	690	738	60	530	401	707	978	760	868	1	264	229	499	248	64	901	491	533	312	409	94	308	751	564	964	182	780	774	187	290
544	498	179	281	291	277	74	489	88	675	424	907	828	666	204	273	848	510	568	238	630	44	997	161	866	126	850	223	368	779	468	273	911	223	711	164	838	452	870	592	356	795	9	267	961	306	381	828	664	772	684	782	327	459	434	405	720	506	411	431	603	974	111	226	601	93	708	579
372	703	908	366	295	148	946	911	504	748	380	158	426	429	405	710	497	635	97	142	124	488	583	600	607	668	914	305	599	472	671	985	267	399	21	517	504	263	326	636	818	5	973	953	818	888	788	506	472	175	772	521	243	35	566	416	707	592	544	41	168	746	101	367	7	750	41
975	731	15	179	229	419	325	187	796	178	722	510	311	362	22	824	727	621	997	332	450	207	930	921	610	918	968	21	191	510	380	648	93	666	932	954	489	86	954	988	713	294	435	100	336	381	352	462	147	808	562	814	294	981	570	702	965	239	748	543	584	296	248	6	551	776	233	420	381	176	19	326	753	931	293	317	86	302	399	319	699	946	121	86	57	566	190	155	695	288	822	723	607	463	437	250	213
136	923	221	382	673	351	803	546	491	782	9	230	614	340	661	148	541	800	491	190	769	998	2	40	319	270	760	684	28	117	846	573	420	633	467	300	755	59	780	981	107	740	524	281	568	460	885	86	243	226	419	416	227	700	692	717	58	340	469	61	710	156	38	191	293	831	931	740	891	951	459	992	637	480	418	859	202	37	348	680	673	953	399	540	46	116	307	841	508	135	985	98	616	841	284	691	519	737	942	495	999	715	329	421	290	740	902	690	475	419	269	121	317	254	969	188	845	28	484	781	519	238	56	218	487	659	377	357	702	863	104	415	142	338	289	898	680	14	150	335	472	915	224	638	253	123	979	885	581	181	984	276	837	363	840	356	579	480	597	218	325	894	965	128	977	757	886	985
463	75	151	484	424	954	892	471	153	344	144	199	487	163	608	631	973	868	844	447	0	579	70	584	441	324	170	403	835	536	912	995	497	982	473	470	8	859	933	224	979	643	363	318	215	128	457	868	433	888	953	147	199	267	928	882	497	579	875	932	662	521	175	288	668	41	937	788	882	278	415	436	791	70	372	826	759	893	360	148	45	901	354	640	435	978	123	31	327	845	72	159	493	439	442	212	18	381	583	7	317	101	992	28	390	398	982	247	24	108	349	76	580	142	639	759	299	981	675	107	5	680	522	882	732	946	606	155	555	299	945	383	363	199	891	912	811	765	957	677	62	527	945	575	157	443	101	370	76	588	604	9	558	15	88	926	293	277	907	850	68	228	741	423	627	373	779	527	542	103
280	775	978	988	497	985	742	780	137	162	47	974	745	457	233	762	670	496	103	45	15	778	342	511	306	653	410	962	370	955	818	209	922	468	977	952	908	522
971	899	107	423	936	313	843	91	607	687	862	382	153	529	733	225	201	659	702	304	375	863	895	23	174	292	176	584	986	945
642	977	198	706	649	220	129	24	99	390	979	919	95	207	121	50	790	739	831	289	222	722	966	144	816	103	864	363	656	94	341	535	145	596	950	945	298	136	198	722	440	205	566	578	94	388	267	584	817	828	442	875	62	730	693	961	71	622	717	744	401	709	427	797	876	977	347	430	114	16	901	431	143	622	153	326	832	287	144	942	46	277	675	278	987	623	870	913	303	592	155	96	170	890	4	760	782	741	13	105	96	59	6	213	828	694	872	264	255	404	159	32	380	719	477	986	759	383	729	262	201	953	99	709	841	523	859	510	974
104	895	624	12	375	710	513	531	658	75	972	928	966	207	648	319	997	70	735	147	178	176	952	58	589	265	803	84	237	490	87	455	137	733	184	499	221	28	138	955	891	857	924
