476	199	165	606	554	259	452	69	442	780	788	730	858	228	49	73	978	105	452	137	745	876	359	761	607	594	472	714	901	581	360	584	760	148	37	650	641	443	595	882	860	732	455	501	602	515	815	22	403	798	462	459	763	239	480	735	925	355	224	790	914	610	715	824	624	806	810	827	701	795	804	950	78	546	424	419	204	275	818	934	525	250	994	581	202	82	910	490	831	696	988	369	466	225	902	728	982	939	834	667	346	404	571	214	739	960	839	827	76	134	620	718	383	778	769	913	36	879	299	15	354	184	379	441	155	701	832	846	438	114	519	214	504
402	852	708	459	492	652	270	838	579	962	839	410	356	265	969	419	288	155	340	278	563	101	554	782	495	112	660	722	381	221	801	658	925	464	455	418	773	401	898	947	106	77	451	178	496	629	643	779	513	288	573	344	696	581	985	818	648	694	373	446	394	561	750	176	432	307	995	961	832	804	404	986	841	188	828	815	918	563	273	576	686	475	140	386	973	587	733	124	365	747	949	785	522	584	438	608	494	654	246	890	954	173	651	893	45	770	123	622	790	551	177	67	475	791	16	926	127	360	9	268	944	528	261	416
965	592	249	437	31	10	750	938	880	216	814	369	504	920	383	56	522	399	374	532	60	793	656	549	128	643	859	926	538	666	133	71	719	395	291	985	247	426	845	765	795	76	795	592	940	359	327	568	653	3	464	808	510	947	250	475	59	712	887	360	234	61	412	687	873	690	446	627	576	550	866	81	190	214	64	442	877	322	457	992	224	45	930	10	795	244	999	69	858	440	243	366	474	169	650	914	593	63	980	126	25	799	962	527	979	286	4	753	936	640	304	730	271	551	460	660	856	76
226	897	815	435	866	786	970	801	611	807	864	949	72	769	822	854	920	133	878	514	414	439	401	580	209	463	403	61	462	752	800	854
359	341	506	968	984	145	957	72	810	741	98	710	800	489	971	100	675	32	408	362	430	378	867	308	811	221	433	611	445	752	237	289	258	158	670	721	494	139	85	14	600	373	424	253	300	646	495	621	576	708	418	850	166	962	273	31	20	4	463	521	815	352	903	911	743	781	890	680	921	501	937	548	594	991	619	982	351	467	287	66	446	679	975	709	472	701	465	774	278	973	679	389	41	457	108	110	943	625	468	998	505	73	804	748	54	267	231	158	57	395	487	299	787	171	542	820	54	145	142	771	771	643	117	936	799	457	468	923	421	37	655	919	50	97	672	272	31	434	253	947
381	270	681	17	594	607	320	714	527	145	460	716	516	327	10	549	531	904	464	6	708	309	288	179	559	929	980	217	756	924	778	319	301	708	317	300	481	510	945	361	280	187	784	310	290	318	291	180	817	484	89	569	304	161	524	534	84	818	468	513	556	554	449	270	258	359	232	957	360	485	877	204	892	502	964	377	364	129	959	960	488	85	483	426	919	152	443	757	745	811	309	555	102	987	763	550	478	571	128	168	3	816	860	27	54	724	617	682	324	589	47	986	138	290	851	960	650	292	922	299	362	883	371	121	629	250	672	746	621	908	122	532	738	131	672	4	766	87	309	683	379	283	434	228	574	403	12	223	152	408	146	53	83	297	16	922	595	483	782	459	727	388	385	583
676	923	321	51	280	439	255	77	332	50	364	182	732	609	518	595	698	538	734	320	49	112	612	930	802	457	53	321	604	216	517	399	180	421	957	154	515	90	49	139	651	547	271	617	724	172	214	65	587	333	97	462	854	102	583	125	757	646	940	165	210	736	429	313	185	625	388	76	411	26	405	705	689	611	276	104	730	496	953	389	815	288	328	392	166	380	172	347	643	855	215	860	521	876	128	75	522	178	646	502	98	584	82	33	581	910	671	1	630	339	665	982	819	8	736	590	686	626	370	278	262	641	677	610	944	587	623	199	791	132	475	57	476
197	948	468	264	771	558	260	799	105	323	442	221	174
939	174	128	119	205	328	442	31	597	164	517	957	604	634	663	815	287	25	306	780	746	465	628	613	205	213	469	828	103	802	315	866	461	519	239	923	373	387	335	532	507	483	675	504	755	408	48	641	237	441	471	647	720	88	872	743	618	136	669	559	602	124	209	545	438	31	895	592	735	858	6
359	494	147	793	796	645	630	574	395	603	864	981	861	587	655	312	499	303	437	468	314	246	676	975	402	617	840	204	262	554	833	359	544	256	822	750	914	935	728	866	658	127	737	248	623	963	651	520	585	272	77	482	802	437	402	836	336	44	111	880	760	514	568	344	71	705	652	429	76	802	899	14	381	454	71	666	823	887	955	528	105	477	703	210	267	939	141	657	636	807	814	898	130	0	60	460	921	601	136	110	511	124	824	73	589	403	958	825	194	709	368	512	470	493	426	301	448	300	142	683	102	857	172	195	809	611	179	55	213	276	295	502	442	235	211	710	646	442	18	484	904	176	967	112	139	296	868	914	537	13	147	226	684	890	977	461	445	119	924	452	140	211	506	97	611	105	503	990	167	52	539	674	770	532	532	635	483	915	626	44	67	930	596	702	618	722	451	614	582	291	533	25	762	937	748	948
