950	999	573	472	421	325	902	204	436	615	154	370	731	544	222	269	62	640	614	369	681	47	191	913	955	421	137	700	353	61	721	307	215	171	313	500	973	118	768	81	138	661	719	447	878	77	912	84	224	804	125	746
536	57	334	820	713	565	335	212	78	223	88	276	887	14	742	218	519	984	449	881	1	53	463	468	126	573	688	984	585	91	460	294	79	846	170	809	80	828	752	67	716	565	884	354	180	574	697	58	333	64	661	652	686	978	495	477	515	118	638	910	942	987	1	554	199	445	3	343	538	659	301	259	682	189	409	251	221	554	465	120	247	972	18	5	880	265	517	427	354	642	73	544	702	587	792	288	239	47	958	276	660	19	432	336	746	804	710	751	691	736	757	31	153	930	762	627	941	332	943	791	71	960	445	49	181	169	199	629	179	237	343	812	525	212	892	270	498	259	876	243	893	144	791	858	226	87	154	172
743	218	301	469	530	519	641	632	408	621	851	74	231	942	988	259	186	687	384	101	734	27	79	688	97	418	359	580	461	871	477	184	816	125	810	680	349	291	954	61	393	417	632	962	902	803	513	601	846	442	969	811	767	1	473	40	530	720	115	962	998	653	690	813	382	331	305	72	534	524	96	48	242	963	570	132	893	52	722	592	70	571	252	107	159	715	510	857	830	646	487	862	772	255	311	583	994	808	534	477	40	772	970	195	932	919	675	586	608	556	446	297	490	374	854	330	354	725	354	492	731	361	109	329	121	565	276	413	534	874	841	610	342	12	282	44	873	869	282	302	501	838	18	113	524	969	133	276	726
386	46	749	503	511	174	858	67	856	444	439	918	372	508	65	672	256	113	56	262	637	209	4	432	742	863	69	630	636	497	23	367	349	431	83	392	705	878	453	824	474	965	72	126	305	961	270	475	486	213	645	416	245	148	613	815	383	771	88	525	461	601	73	740	436	456	682	732	400	318	188	383	620	101	437	108	235	157	746	664	62	921	302	917	98	596	296	195	108	888	499	625	479	319	618	783	105	155	932	754	310	257	10	763	95	518	688	954	792	171	159	502	428	934	288	936	412	454	563	432	504	146	759	398	758	686	210	559	650	130	153	85	74	163	387	4	250	834	88	57	283	525	297	299	771	457	608	785	621	157	332	12	552	107	853	725	797	586	2	974	962	734	645	723	283	156	595	84	556	315	533	287	69	182	996	372	288	334	616	445	266	85	372	34	166	65	81	710	742	943	369	996	197	332	653	781	261
974	586	995	529	158	198	385	761	109	982	485	71	185	750	219	399	755	673	922	576	94	230	150	990
51	409	51	874	113	270	462	744	762	203	636	589	422	581	478	986	326	388	4	351	392	903	482	13	336	947	848	543	956	417	419	92	650	23	513	918	596	754	468	203	572	541	368	680	447	139	469	389	830	171	586	730	87	31	865	118	467	816	143	711	771	606	606	190	881	428	410	340	977	542	336	303	863	977	251	35	211	874	522	953	252	960	249	361	399	649	93
943	596	338	409	152	12	536	469	637	111	129	601	296	482	874	106	503	740	604	71	516	51	770	818	439	813	988	803	319	237	585	839	223	231	176	560	214	59	931	233	120	824	909	629	683	32	691	204	475	832	847	195	148	39	675	975	747	229	283
811	581	330	976	281	529	66	243	328	180	862	219	585	486	79	1	144	823	871	343	179	744	874	302	948	303	308	122	232	324	908	958	190	453	66	834	119	325	676	524	859	998	287	850	687	163	234	732	301	868	934	666	245	430	279	709	35	904	526	633	89	97	118	136	96	354	797	301	928	548	494	350	917	487	856	159	459	655	937	385	598	180	605	187	779	126	891	309	268	349	159
250	851	608	997	10	456	60	783	265	647	775	716	485	480	571	87	650	473	739	590	173	658	964	623	157	417	510	645
170	436	645	160	39	427	993	229	804	750	719	70	437	517	327	55	476	854	476	578	82	51	721	743	376	125
