896	244	358	451	646	370	171	400	823	96	469	46	237	527	2	294	656	141	713	350	173	52	346	844	880	438	791	763	61	870	88	645	724	869	732	258	925	397	463	532	267	783	939	643	653	192	794	53	455	198	822	549	20	503	286	678	13	55	479	705	464	140	5	12	839	562	222	674	821	759	462	91	725	362	141	126	240	886	958	728	183	713	504	296	593	37	408	802	915
294	96	364	218	769	32	517	753	688	215	438	889	381	820	795	131	94	764	814	765	169	558	669	14	805	792	783	398	136	910	369	917	197	303	768	322	518	818	597	736	357	851	380	549	976	478	505	757	220	40	213	787	31	16	917	266	884	440	616	976	649	53	145	348	520	559	155	264	290	464	318	451	22	728	263	939	978	276	190	935	782	529	511	614	638	442	479	795	547	170	899	559	739	650	399	254	801	72	701	240	590	990	231	753	886	992	205	283	852	74	265	39	973	450	921	949	670	897	915	535	350	399	487	37	670	899	460	504	287	458	145	946	58	969	144	893	24	446	195	353	52	66	357	750	181	246	827	78	895	822	96	359	675	55	721	309	438	627	918	15	392	879	990	451	838	565	236	296	36	766	33	315	123	453	581	51	768	228	817	44	860	567	79	883	774	444	178	293	587	308	898	445	614	50	764	307	305	741	657	239	590	38
751	648	941	185	531	978	363	969	54	591	122	439	65	228	921	252	936	176	727	196	115	35	692	710	519	220	983	484	354	814	867	113	312	991	666	804	548	545	421	699	26	619	385	738	859	484	540	913	930	515	624	491	136	115	78	655	985	507	537	509	114	840	661	359	173	641	910	697	735	76	444	767	187	820	774	521	17	921	586	521	198	269	54	111	825	157	619	549	795	278	122	782	736	255	276	601	960	102	510	225	794	382	574	929	448	382	778	297	386	513	141	81	954	562	567	311	792	904	697	183	169	491	27	818	30	263	937	494	162	260	232	244	607	361	2	526	228	412	136	272	32	15	761	192	38	142	909	698	452	460	285	707	155	574	437	892	393	850	443	431	410	361	389	605	85	848	255	911	103	151	753	200	405	904	923	343	756	5	367	417	868	632	107	508	229	530	447	22	745	334	584	523	13	44	545	328	459	330	152	271
254	699	327	563	412	188	390	910	46	806	68	272	192	499	660	159	271	13	869	605	988	989	76	146	281	114	197	475	171	399	967	526	19	966	381	660	860	703	634	680	7	427	528	360	888	212	635	142	705	260	841	520	765	870	527	784	260	904	605	45	555	538	326	200	54	659	895	179	758	408	364	197
759	603	432	766	703	904	249	811	590	974	754	501	142	362	838	287	281	451	689	264	260	966	975	316	596	36	674	872	998	379	894	191	891	673	171	75	271	199	916	762	939	346	967	749	874	663	877	478	137	544	197	801	566	632	984	82	251	549	570	187	650	414	903	541	367	92	501	285	713	418	259	659
713	144	632	477	399	702	78	54	900	706	977	484	252	328	449	390	672	87	978	2	873	397	917	56	922	595	13	259	464	313	644	68	912	766	58	634	978	488	255	764	690	884	16	729	443	675	69	238	665	821	773	499	137	132	418	959	52	935	207	467	730	187	269	404	593	885	48	99	696	85
411	599	501	13	922	461	521	286	633	740	385	851	515	705	292	55	801	635	9	602	246	873	99	762	575	968	318	428	616	201	18	759	516	764	435	313	2	757	224	540	636	478	311	298	599	297	830	916	691	327	748	687	973	271	844	41	81	179	7	894
610	581	896	560	320	862	489	481	790	685	362	649	248	955	759	175	941	827	397	592	614	6	462	955	943	603	494	495	872	320	219	666	741	883	207	195	281	23	973	71
258	440	809	265	889	675	574	350	501	558	536	963	448	356	449	653	473	102	539	102	434	838	575	626	177	426	448	497	528	101	458	306	32	821	815	376	408	346	413	111	957	914	58	450	169	415	51	383	986	83	955	229	814	782	440	631	77	607	257	633	448	111	415	692	20	310	557	826	848	131	647	955	953	951	694	514	331	250	153	575	300	870	589	962	259	548	488	992	934	792	345	300	557	217	410	401	684	424	403	330	339	812	699	935	266	395	386	682	405	67	344	164	606	147	541	950	502	814	903	128	718	763	545	829	562
212	594	94	415	450	866	184	755	134	251	57	50	413	803	229	585	863	289	519	814	331	991	204	704	509	31	933	316	186	245	957	651	10	264	498	25	353	669	376	378	844	57	611	961	731	205	667	341	33	252	226	150	810	23	257	10	465	717	416	471	483	888	728	556	885	688	484	249	245	400	288	655	472	383	771	456	379	535	184	141	133	422	819	55	29	898	836	615	649	935	646	91	822	771	507	584	446	301	428	449	834	89	660	167	153	172	301	252	682	676	221	436	258	70	41	385	913	188	708	631	19
