597	185	481	274	663	989	280	875	560	891	360	971	204	400	882	342	776	163	184	431	803	756	587	174	291	536	116	952	233	52	302	127	105	322	823	744	188	380	574	302	489	127	102	320	636	546	140	962	793	974	383	873	921	875	842	997	844	971	110	349	185	73	458	686	636	481	556	493	378	28	941	16	907	690	276	534	592	44	345	625	937	664	641	35	428	503	302	439	511	865	104	810	536	904	874	510	232	620	943	90	54	242	475	582
856	432	814	246	837	759	550	596	421	77	460	258	493	633	221	705	992	297	262	725	729	510	397	587	497	163	662	58	589	166	27	649	641	53	835	819	169	154	846	660	316	623	410	987	144	822	813	666	266	45	832	532	167	846	987	973	550	219	634	505	800	431	37	488	687	950	659	578	305	58	207	41	723	936	931	608	243	141	239	730	879	629	713	844	153	292	766	135
578	711	261	540	131	436	723	735	35	242	230	997	820	493	650	736	184	332	454	668	553	59	797	118	699	713	928	404	776	821	767	925	420	297	716	953	217	16	988	510	64	325	153	644	576	283	612	622	954	992	603	118	528	12	756	965	400	830	849	560	991	591	494	161	737	889	297	470	292	535	437	568	836	266	215	441	164	8	622	846	710	902	219	807	761	479	396	223	395	915	127	695	840	107	682	208	83	165	321	644	10	314	575	896	785	556	931	90	739	264	385	463	801	312	96	235	660	270	837	473	245	786
846	300	99	595	771	406	948	35	606	40	282	858	224	539	656	526	245	891	774	250	295	434	19	502	444	641
376	572	918	656	604	579	674	137	8	350	671	833	98	953	190	230	405	477	541	234	812	244	939	432	950	551	158	330	927	796	523	331	635	411	454	657	385	895	95	266	790	31	687	91	617	223	990	547	885	852	902	827	993
362	474	960	560	176	876	226	541	336	675	665	330	118	360	680	680	691	757	587	289	10	113	923	406	737	689	614	178	187	806	403	637	723	120	905	487	362	901	77	280	737	415	58	371	515	219	617	325	83	672	483	798	438	688	380	81	28	990	547	350	799	247	497	99	348	526	500	347	891	797	735	880	785	829	608	293	824	823	125	778	21	68	345	507	226	245	757	815	837	995	134	896	489	706	17	878	943	500	25	586	725	689	638	532	317	149	732	118	205	735	708	748	354	381	352	898	651	938	222	34	793	587	695	561	275	915	697	10	840	151	636	895	716	495	475	807	79	213	158	441	365	359	648	984	868	860	796	992	962	359	452	662	263	207	374	318	970	527	38	12	954	281	400	666	110	467	819	770	103	816	709	556	523	674	234	779	910	825	684	963	142
332	185	605	282	534	770	581	420	394	829	603	303	359	831	736	465	679	699	204	732	20	162	763	798	580	798	904	753	396	80	725	900	478	29	996	537	34	189	350	355	335	410	196	333	47	412	589	21	612	668	815	310	413	495	965	965	239	583	339	589	150	67	99	142	429	498	19	339	964	901	736	778	172	80	120	820	881	337	237	567	409	250	510	494	122	787	207	447	19	113	911	456	467	157	219	99	965	567	802	108	844	602	257	1	502	517	213	230	559
271	538	274	222	604	764	351	743	613	137	74	694	211	728	131	456	799	921	367	939	696	509	163	433	750	116	202	428	167	905	987	4	275	633	11	387	249	166	226	523	952	105	395	615	256	204	611	404	757	380	350	692	788	95	450	868	430	415	318	632	348	244	535	95	628	108	339	324	113
581	915	144	835	705	560	725	53	260	613	132	2	34	372	244	962	229	356	406	678	604	902	787	188	680	653	698	219	514	315	129	133	801	182	858	708	288	378	104	123	861	83
308	201	570	511	393	803	955	743	479	832	65	124	564	483	445	509	808	335	355	142	311	542	781	550	670	26	759	651	906	615	759	310	854	584	326	302	70	447	122	935	28	401	713	18	5	275	365	342	494	419	726	228	902	733	974	356	712	604	78	816	13	96	664	505	5	200	685	767	332	471	70	625	80	843	382	232	97	343	590	581	784	84	217	765	432	244	739	448	51	792	887	848	72	605	816	328	15	318	111	549	79	341	922	761	37	356	447	960	799	207	769	545	86	519	765	918	743	421	289	708	251
