537	454	861	566	469	497	767	594	307	95	204	333	884	168	471	787	409	664	880	200	326	748	944	904
661	392	4	308	698	64	762	244	827	88	194	529	772	752	527	676	594	420	547	714	486	390	154	313	531	388	262	734	291	385	828	212	593	37	849	359	628	330	793	315	380	653	213	312	672	995	419	983	535	103	40	614	291	618	994	580	233	128	514
944	350	299	543	758	170	271	613	261	117	91	463	800	166	307	655	658	48	448	368	0	603	134	66	366	875	616	958	175	766	940	997	741	244	364	845	500	246	936	255	717	253	638	902	759	619	528	374	616	901	116	803	501	449	946	165	749	265	765	62	30	807	423	955	151	119	24	456	184	282	961	580	85	956	108	814	634	216	64	876	328	685	606	495	295	902	99	392	198	654	620	441	549	566	632	976	622	849	241	939	718	73	134	220	77	28	942	427	930	564	349	333	523	985	819	882	37	240	425	388	313	540	818	827	812	556	850	783	997	280	214	31	951	908	376	194	140	673	387	993	128	5	655	941	190	746	618	448	392	638	803	456	551	432	118	422	507	559	974	853	567	255	179	328	383	556	423	858	280	161	593	165	24	209	693
758	378	439	386	359	5	792	193	719	481	948	203	758	796	915	544	47	796	436	991	140	615	575	309	300	508	835	622	66	734	582	954	497	472	745	20	871	454	108	213	852	888	299	366	809	912	22	30	495	122	397	896	890	683	834	581	28	284	785	161	803	13	151	533	692	129	937	797	6	254	259	960	786	36	243	901	598	136	990	816	230	554	817	571	81	896	349	840	756	293	359	815	520	0	232	709	776	348	432	366	778	35	249	783	178	319	395	994	866	723	657	413	977	956	398	667	439	499	678	672	618	675	613	889	174	219	453	954	312	762	740	712	982	481	31	23	418	483	141	723	707	289	478	820	702	980	672	809	930	2	835	150	163	473	704	122	250	241	568	512	567	768	571	494	668	874	146	949	491	923	756	335	473	996	94	384	633	4	446	20	834	145	508	98	437	128	622	462	413	339	134	849	135	164	530	740	725	734	702	62	996	983
130	794	588	302	989	588	961	808	715	914	736	452	90	230	486	505	872	526	181	696	655	120	256	466	115	833	196	679	33	81	482	820	95	435	223	440	504	281	382	766	587	318	613	350	579	749	271	885	739	910	252	303	299	659	847	786	2	904	140	783	83	84	160	125	299	82	920	930	352	693	500	894	58	368	618	994	166	950	263	314	872	758	934	93	481	388	221	577	40	667	949	924	449	999	226	559	118	33	616	722	560	579	496	686	393	575	246	953	969	739	369	740	625	81	178	104
711	85	692	277	203	810	401	656	528	442	469	852	558	497	596	299	935	309	745	701	805	439	980	22	275	292	587	26	699	801	615	163	499	186	249	789	148	277	760	942	53	43	467	85	857	701	488	263	168	585	212	149	286	402	565	203	580	742	95	60	755	453	287	452	184	551	776	259	623	462	620	954	963	921	624
670	259	116	856	898	54	825	150	438	380	434	911	585	996	357	509	993	375	724	835	730	532	225	61	678	134	54	972	791	952	675	79	129	635	637	587	973	386	562	349	431	917	79	243	790	87	721	618	996	26	691	124	512	66	905	693	768	319	911	519	709	958	531	378	894	366	986	256	709	23	436	141	675	708	891	365	222	61	93	170	83	970	860	189	699	784	688	378	254
648	886	531	311	750	528	89	577	90	153	330	82	148	126	971	953	970	329	403	459	645	395	682	98	89	355	807	521	274	378	943	81	354	358	36	743	464	758	9	642	76	947	71	529	785	273	67	529	201	813	716	769	610	270	335	585	288	306	191	352	860	889	83	550	29	984	36	635	378	478	500	606	330	64	872	553	893	685	527	204	155	843	573	262	754	380
833	94	760	76	6	541	500	762	922	696	414	925	887	542	410	139	260	193	680	869	590	151	479	594	390	214	597	259	614	418	925	984	456	515	646	883	862	619	8	948	625	679	755	217	492	925	96	782	476	899	347	675	806	725	302	466	776	811	544	478	525
782	699	898	380	171	741	153	698	551	237	63	786	323	654	38	827	673	947	323	345	16	571	957	14	749	948	618	946	327	179	248	882	442	985	721	529	352	614	986	836	897	342	370	904	22	728	197	196	245	779	439	491	653	999	272	256	291	359	545	318	249	127	359	285	931	152	694	921	885	118	460	188	937	458	175	679	2	20	481	248	47	722	426	748	262	73	615	792	947	9	467	109	676	71	992	389	575	997	740	41	194	44	884	996	531	774	80	619	232	827	634	659	465	744	869	445	148	956	998	610	408	238	671	324	275	977	226	974	464	17	656	61	994	408	732	81	979	477	336	518	226	992	514	412	140	670	243	957	726	686	512	767	780	741	688	221	420	671	90	894	80	350	353	253	499	517	886	910	382	792	252	232	536	186	5	269	292	372	917	913	622	517	313	577	342	177	437	914	447	564	278	640	601	304	532	10	143	783	903	221	253	165	490	242	270
