188	604	939	672	589	143	858	562	807	806	800	656	455	944	961	920	677	704	690	561	192	567	683	455	470	453	522	181	928	733	710	958	829	754
63	603	418	149	31	995	300	486	476	452	171	789	365	896	398	527	546	316	199	366	873	330	418	900	868	746	758	452	699	123	160	229	903	380	213	259	184	708	168	469	208	348	852	834	578	935	668	814	834	74	743	364	237	546	785	969	120	177	915	406	526	745	726	761	305	108	945	914	873	802	477	808	175	396	217	524	83	322	730	385	460	212	954	437	813	945	611	512	554	464	610	180	966	695	169	557	292	828	964	133	393	688	34	229	663	237	183	66	742	446	139	616	966	491	340	272	181	549	751	128	315	94	502	211	278	540	8	637	273	759	136	465	533	54	793	401	406	481	108	144	259	584	222
774	592	510	533	960	781	984	554	397	654	450	750	162	813	415	123	822	925	857	753	242	313	984	444	407	766	732	629	417	538	683	520	948	655	469	113	720	251	978	513	680	757	970	524	675	99	555	148	648	822	175	846	383	648	609	226	929	349	703	986	452	817	265	19	780	613	677	105	116	536	76	705	433	697	212	541	587	158	360	914	317	502	152	230	259	138	867	638	437	56	763	536	902	46	529	893	903	74	395	252	361	652	777	377	584	767	448	250	963	300	16	148	182	927	0	529	985	3	476	825	860	435	481	326	724	449	806	698	88	252	316	581	997	309	115	213	320	506	956	833	539	940	880	435	629	767	259	682	7	638	580	713	521	574	786	857	178	736	6	920	116	999	568	577	931	741	290	360	766	474	980	362	170	776	682	582	414	34	439	641	684	611	976	665	941	637	503	672	805	753	902	799	704	265	133	378	800	127	808
588	434	111	231	5	697	370	767	50	341	721	360	745	912	537	523	106	951	17	547	181	306	204	550
265	347	341	40	114	700	262	149	575	277	254	828	391	531	537	314	957	761	932	848	233	146	495	404	218	907	735	714	788	265	687	594	299	136	909	173	661	149	895	920	739	439	749	459	404	630	703	272	29	530	518	940	828	197	729	962	859	213	555	496	976	369	227	665	286	66	692	586	70	802	190	406	857	315	918	771	578	587	792	593	545	645	618	29	554	166	481	44	196	222	313	137	196	472	479	482	694	179	908	2	96	432	38	657	541	769	474	19	797	672	345	756	452	248	629	529	364	505	679	365	225	384	985	388	94	864	999	822	995	777	241	244	499	222	422
738	640	558	636	855	263	958	533	285	8	293	712	911	98	974	217	765	699	924	60	136	840	97	508	584	309	236	626	204	257	999	548	985	156	620	600	963	560	605	640	293	704	867	770	576	740	730	425	940	790	92	823	149	792	826	911	331	979	402	393	707	536	861	880	542	533	854	364	187	614	642	327	539	213	727	349	766	820	2	127
205	528	329	462	490	10	604	72	446	733	927	890	804	881	436	974	421	781	600	264	867	185	297	546	594	719	899	86	593	736	227	832	389	703	679	870	75	617	730	499	576	78	262	767	780	445	387	389	292	18	277	759	322	3	192	804	112	198	420	414	293	551	591	806	822	226	508	342	254	114	692	690	370	905	185	276	29	665	967	435	690	278	863	461	365	263	314	209	323	691	849	700	601	360	976	390	301	879	116	269	213	853	510	549	348	883	16	269	702	570	175	110
647	780	607	241	675	954	38	229	672	558	436	634	797	27	308	70	461	604	176	14	502	943	69	405	56	802	185	655	257	119	174	883	15	913	322	869	108	120	233	138	901	836	25	597	622	303	58	751	893	275	41	292	747	594	893	567	360	494	660	466	625	116	430	180	723	738	539	629	187	148	60	70	377	609	114	734	657
330	223	340	891	700	782	194	615	510	300	934	14	845	807	902	312	617	668	815	340	674	618	99	817	954	361	861	49	819	922	664	923	267	200	87	48	697	922	748	292	333	547	47	845	892	499	692	575	12	321	338	128	967	456	898	398	4	275	902	621	381	473	245	752	802	617	198	258	897	108	984	339	901	925	960	79	959	168	431	374	281	75	846	498	896	463	643	879	388	691	585	445	996	323	191	863	399	509	415	223	790	360	824	202	202	884	553	728	447	875	311	77	708	410	376	941	913	744	881	715	982	573	324	18	697	0	357	24	270	940	815	746	616	204	948	925	346	380	60	125	980	736	722	305	308	814	676	430	515	833
666	771	46	838	961	622	716	735	610	193	241	117	661	86	231	566	333	334	951	242	141	381	559	763	616	383	765	968	771	320	713	446	152	119	895	135	463	808	407	115	797	853	434	166	185	317	461	611	467	611	619	795	859	701	195	419	280	265	603	327	363	773	694	489	168	485	354	25	846	861	418	17	808	707	439	791	13	356	234	889	953	555
