916	875	280	820	557	573	869	484	856	542	881	71	513	211	131	646	802	679	728	960	436	874	310	432	105	966	762	624	82	287	170	107	918	231	814	676	510	369	157	229	0	875	944	78	372	913	529	144	700	76	987	551	735	924	455	897	211	378	737	663	348	184	705	549	712	783	851	232	911	793	927	303	346	450	698	185	862	725	729	42	269	191	848	40	330	540	376	890	139	750	775	491	219	355	574	221	370	942	59	299	955	202	276	774	146	326	775	405	751	708	166	849	484	864	950	308	315	61	149	634	997	76	837	624	251	533	749	785	217	353	977	568	765	842	416	595	713	339	282	283	224	17	258	555	534	268	606	22	311	651	655	815	75	804	213	252	717	517	72	654
453	605	105	155	456	185	501	799	865	830	975	317	488	584	36	377	49	248	986	889	708	124	621	367	570	616	802	374	430	941	366	140	223	144	184	910	377	358	134	508	540	749	660	419	276	452	46	407	586	585	610	292	106	813	952	419	118	844	745	776	941	554	707	165	747	812	177	463	902	365	369	634	110	953	620	89	502	35	451	12	313	737	912	725	196	605	688	937	258	557	12	594	323	532	237	399	748	72	126	57	64	754	389	125	462	133	365	534	938	255	296	374	599
433	460	520	623	168	123	253	921	359	874	452	983	486	632	591	792	657	562	897	108	681	408	479	179	96	422	136	935	977	167	952	367	678	137	652	59	925	171	511	139	604	99	369	83	904	393	94	700	380	103	255	46	477	954	6	498	412	439	205	401	700	572	319	833	642	761	241	708	806	685	858	538	652	878	818	801	653	397	899	401	457	889	865	52	612	939	762	524	960	162	546	635	651	536	672	329	399	205	800	325	518	984	528	118	490	248	718	952	37	425	570	86	517	532	345	920	327	251	999	361	293	362	943	259	668	209	88	837	38	708	471	47	211	636	14	715	151	352	549	200	684	663	331	575	887	242	476	978	978	442	465	424	244	977	787	743	260	354	401	45	47	232	432	486	192	95	966	588	988	721	766	619	504	151
529	72	513	591	237	709	207	1	341	839	595	903	471	692	26	823	556	928	163	310	854	651	681	333	972	531	835	506	165	450	984	897	665	166	717	287	878	831	651	812	757	197	832	176	601	335	115	101	149	292	489	511	276	429	303	825	94	161	695	14	279	746	795	310	877	800	595	383	891	824	168	5	973	233	424	508	421	29	589	397	590	122	730	635	124	117	504	343	380	856	163	492	473	839	456	376	254	265	377	720	411	678	319	576	726	388	443	428	948	934	838	578	412	945	504	801	804	533	120	328	80	790	672	158	513	878	693	308	541	305	71	996	834	251	816	435	354	998	121	992	286	514	627	428	878	680	79	469	634	360	428	745	365	713	852	377	900	119	806	223	727	699	760	810	322	849	876	807	646	280	597	534	767	284	533	888
521	741	248	662	883	972	903	160	313	38	588	644	39	260	941	89	38	563	482	965	327	623	299	691	269	435	486	114	62	383	354	114	413	967	531	913	603	888	698	753	880	42	603	488	157	831	148	345	564	101	869	336	353	825	146	23	697	990	563	996	366	794	153	402	137	129	377	479	362	954	6	856	474	21	118	276	923	986	527	176	847	439	957	162	236	4	753	118	968	686	1	1	857	592	466	535	45	886	807	771	683	340	254	432	579	818	585	331	580	324	180	236	142	964	51	68	175	538	327	925	129	871	77	17	450	799	558	31	469	158	182	446	643	302	491	404	958	973	564	796	327	231	158	134	68	610
450	396	433	545	843	678	907	414	256	222	978	355	759	924	581	160	130	751	675	104	303	655	227	280	80	359	949	16	194	854	647	404	895	606	44	424	144	907	891	131	51	121	451	21	465	599	335	975	153	797	623	978	389	445	75	327	570	400	364	19	671	862	678	954	533	384	598	85	252	544	604	652	567	38	392	955	760	684	131	776	496	939	740	833	420	593	113	205	671	938	582
206	977	551	437	354	447	882	366	431	511	479	198	460	43	657	49	858	910	282	919	633	585	989	355	322	791	993	475	867	490	851	365	652	100	392	932	389	619	749	579	881	597	987	132	607	702	366	37	749	532	103	720	8	62	339	818	791	738	292	101	377	569	352	516	265	357	487	504	577	695	557	20	288	231	871	866	502	223	211	996	114	689	111	573	411	506	317	863	375	289	593	664	129	391	481	151	281	725	812	731	855	365	258	164	305	254	430	395	560	727	36	89	804	601	453	269	871	471	557	195	415	682	344	185	564	867	490	601	709	361	521	782	723	837	450	317	534	687	614	235	951	20	654	749	47	54	335	241	866	758	560	773	685	28	277	70	41	519	384	980	124	841	233	777	305	626	960	492	431	440	678	12	247	91	415	453	406	792	572	151	671	5	826	997	972	42	997	82	807	480	931	422	38	168	621	674
858	267	296	665	709	354	18	775	366	821	962	852	122	742	61	870	728	614	836	628	918	941	858	15	129	962	301	306	347	10	262	246	869	867	559	875	420	768	707	252	992	827	107	646	940	884	897	536	289	47	38	747	633	60	986	838	333	905	693	340	232	997	161	809	293	147	861	52	206	60	893	226
465	411	41	492	492	220	769	554	932	637	503
878	876	724	446	423	564	315	883	44	45	833	420	348	764	305	189	903	291	317	411	412	882	376	228	83	614	187	304	47	145	268	786	245	149	335	836	743	6	78	739	910	446	515	236	192	229	994	903	822	15	162	923	62	644	544	641	345	773	370	156	632	780	589	307	119	438	502	596	75	106	487	227	925	624	208	365	73	416	301	781	148	561	202	683	514	822	368	599	552	138	71	691	406	541	718	149	812	194	474	867	649	949	614	111	716	467	915	305	295	287	835	302	702	775	964	310	219	496	205	566	219	490	738	436	25	414	462	526	107	199	683	456	26	12	220	598	792	408	905	45	325	379	391	298	323	308	41	254	216	6	639	775	736	866	272	102	567	819	689	492	417	528	934	95	722	539	792	343	177	622	666	109	570	839	112	595	292	143	996	829	514	135	124	364	721	937	346	490	720	98	431	922	661	268	469	453	960	742	862	673	948	239	550	924	521	108
