8	751	67	846	863	760	467	500	513	684	398	450	322	291	813	454	893	374	576	607	612	186	991	589	323	576	858	451	238	787	501	468	503	66	786	380	542	556	468	360	850	961	723	139	286	846	722	315	165	109	193	303	71	218	258	136	213	692	601	251	158	421	596	896	164	143	643	852	213	909	205	892	235	349	236	27	527	637	420	415	716	410	773	862	754	69	940	718	231	490	64	908	867	152	231	27	463	87	934	852	617	662	401	822	128	115	471	158	210	699	923	984	627	734	364	4	819	387	395	379	795	805	786	706	566	699	952	198	521	735	294	401	114	844	953	204	260	217	298	60	219	555	781	314	521	558	721	94	225	925	139	732	299	524	558	888	710	291	72	485	458	219	346	951	808	431
523	935	639	999	17	806	908	756	65	73	261	387	809	899	753	732	31	947	680	247	548	169	250	610	129	743	158	701	43	577	276	501	620	313	660	821	395	576	58	246	554	682	219	23	304	68	540	616	526	830	237	702	965	488	751	863	246	174	204	589	686	799	947	541	956	317	164	571	227	851	763	224	866	735	522	733	804	630	558	100	532	858	961	428	647	935	609	763	741	852	555	500	90	746	435	620	961	501	714	693	524	71	40	727	359	988	267	519	429	492	774	420	775	459	271	993	784	731	687	497	680	298	535	164	525	91	914	533	28	656	892	832	159	255	377	377	360	827	798	914	604	59	543	980	741	680	389	414	923	154	780	924	59	377	224	164	80	118	967	676	390	315	378	959	264	95	829	324	599	26	846	971	710	226	981	181	117	695	192	834	129	660	843	164	587	228	243	833	6	131	746	265	901	348	177	108	846	791	761	671	341
141	629	810	749	949	942	382	250	973	364	621	217	135	384	166	538	495	154	477	476	79	134	9	606	368	881	213	341	391	530	238	715	61	486	574	152	600	362	207	460	414	853	555	282	578	61	886	76	520	25	916	948	341	913	852	424	99	547	299	427	349	860	686	918	212	32	417	242	445	426	323	477	521	428	615	811	190	236	644	363	901	721	562	240	591	636	966	137	92	740	508	291	76	195	721	551	82	300	998	148	664	170	678	529	926	23	947	443	73	567	73	97	962	404	282	115	415	842	807	338	1	673	156	91	627	826	965	845	523	20	424	620	42	805	77	696	736	312	71	264	274	438	879	680	652	954	665	89
273	539	336	830	356	449	67	894	484	760	8	118	419	133	624	241	858	805	655	270	403	408	297	5	576	63	645	385	909	778	306	420	532	761	532	327	75	349	458	412	81	851	153	623	286	753	54	844	53	392	826	831	465	438	562	676	815	913	989	414	15	523	960	618	78	334	42	727	310	559	301	154	555	322	769	690	783	309	473	758	330	151	77	632	887	298	65	328	782	749	696	779	963	722	381	287	776	862	51	94	788	299	729	428	980	685	744	628	515	206	88	115	338	480	983	675	718	774	221	456	325
420	627	446	597	888	811	918	365	191	932	526	774	410	535	202	962	588	64	783	973	360	101	45	609	810	628	210	602	374	296	858	240	296	752	763	715	774	637	793	602	960	123	116	456	881	637	39	672	858	794	984	917	306	417	333	683	566	775	38	732	83	916	164	414	341	685	38	756	706	599	441	172	574	850	437	413	19	240	693	501	229	101	767	529	230	111	426	965	526	549	522	26	913	104	400	729	968	576	400	665	881	576	935	619	185	792	745	406	63	415	141	57	742	621	421	213	938	589	7	638	904	726	171	989	84	776	394	621	253	374	128	905	796	104	525	364	557	38	696	148	604	449	954	419	37	824	311	211	667	596	407	619	195	521	265	246	68	33	309	947	862	284	534	72	234	58	800	93	168	48	339	801	438	893	803	10	606	85	414	226	901	134	438	615	169	139	307	169	15	181	167	503	365	489	175
926	516	391	840	482	294	536	234	285	464	360	203	269	190	55	166	354	854	83	574	543	720	936	941	261	715	393	782	411	107	291	56	992	444	635	324	202	170	677	232	95	456	500	560	256	482	427	184	380	941	902	216	17	32	108	779	294	687	730	5	480	593	973	482	15	653	867	128	764	571	740	850	610	345	362	736	504	844	665	244	661	163	612	289	272	874	250	717	930	227	329	960	254	919	71	426	129	40	72	553	958	146	251	590	695	51	496	371	450	261	765	206	284	63	905	980	724	937	234	765	428	733	372	419	195	541	373	735	685	796	421	272	223	458	876	575	365	880	464	986	286	188	474	554	232	915	726	344	222	70	657	698	982	19	283	422	792	489	94	957	498	544	257	673	844	545	473	758	238	594	633	501	370	342	130	966	667	113	692	263	112	173
903	182	786	818	538	76	999	37	690	692	732	41	333	670	762	480	467	554	594	664	0	86	583	288	345	226	470	243	205	632	245	814
124	355	38	993	242	402	576	941	421	124	341	153	377	743	201	390	232	556	675	610	975	671	270	738	506	263	846	243	259	266	576	54	222	338	294	579	365	391	381	942	524	512	428	169	458	206	970	546	896	211	958	524	181	199	542	628	857	969	511	868	281	210	870	461	384	883	214	744	888	142	965	859	590	370	343	515	325	868	917	413	595	263	691	134	416	357	659	502	553	122	807	510	644	576	533	942	212	155	809	322	362	182	623	851	126	500	45	225	77	719	673	354	223	148	308	139	952	650	548	642	602	572	563	831	503	70	711	86	175	854	640	526	387	847	760	312	904	873	691	605	758	167	406	110	953	788	52	77	84	881	325	602	227	118	619	961	379	744	211	79	827	332	394	905	943	253	478	278	359	359	749	63	523	759	393	22	368	581	234	618
740	482	151	423	163	463	670	282	444	998	23	354	987	64	756	322	199	514	147	795	368	136	106	581	764	247	769	292	741	376	850	430	874	913	162	511	539	941	327	146	885	767	659	850	25	107	607	931	202	671	1	357	810	491	111	30	579	367	97	283	109	522	66	85	492	612	885	622	279	718	145	345	923	608	310	792	839	969	549	621	224	493	827	721	128	29	723	713	586	358	116	202	298	85	559	639	815	362	837	669	813	864	57	859	581	560	781	985	576	873	392	383	782	206	47	348	715	114	856	230	602	141	804	193	690	69	128	525	342	364	463	811	747	492	181	935	95	93	647	822
683	482	461	628	802	736	0	369	81	292	212	968	475	266	92	363	753	643	263	93	332	664	484	474	731	310	152	17	607	858	453	39	361	302	746	465	828	716	442	922	320	103	391	970	719	197	560	919	742	381	295	824	729	415	848	781	380	185	939	763	456	570	957	245	728	523	400	793	813	808	833	7	83	765	682	105	49	134	48	148	197	153	818	655	586	18	266	901	219	18	400	92	59	388	548	621	483	128	195	614	522	398	798	611	625	192	358
