11	551	881	565	689	145	775	506	16	193	515	74	551	690	405	460	300	708	429	414	266	688	875	379	0	555	593	507	408	828
490	150	4	128	521	309	826	403	38	20	394	951	471	566	360	1	792	258	994	435	311	56	672	12	854	898	853	65	482	59	389	865	438	81	945	387	186	410	624	630	731	727	181	234	963	941	12	77	145	493	121	182	190	616	385	639	901	725	286	30	356	924	95	923	879	976	821	540	346	418	916	681	822	386	905	50	779	283	411	25	766	76	117	158	206	120	582	28	22	547	465	860	475	41	568	264	326	82	266	373	358	353	88	52	726	537	578	957	252	757	257	932	168	823	364	19	936	652	842	491	156	239	912	596	679	591	209	115	626	390	796	906	805	161	417	260	675	59	753	86	209	493	522	630	320	968	96	207	821	303	859	677	157	680	473	935	789	966	441	888	257	985	38	280	903	510	405	891	968	832	825	457	32	851	251	835	650	940	282	144	105	494	783	323	1	581	117	181	320	409
612	927	616	697	671	190	678	591	312	494	308	567	50	107	921	567	992	174	215	952	380	985	236	170	220	116	221	232	555	834	580	277	207	963	238	586	218	255	103	710	981	714	797	345	37	191	746	748	284	338	123	35	991	335	213	673	845	828	509	872	440	679	495	959	329	644	617	189	374	321	444	494	203	991	646	124	375	946	737	34	203	58	612	593	788	625	632	945	892	561	42	492	616	375	751	90
905	699	909	381	931	774	734	816	518	14	701	575	589	369	324	88	310	491	287	655	761	41	355
955	267	528	555	568	815	4	40	231	806	166	70	488	181	806	291	546	377	304	82	345	132	98	991	980	896	533	475	288	833	954	945	496	233	79	866	438	546	834	753	276	906	615	561	793	924	65	207	376	394	204	261	491	322	151	634	556	661	683	522	548	621	732	799	592	9	597	667	624	0	710	91	476	274	448	237	339	238	462	423	73	670	166	738	652	130	18	742	721	326	311	713	521	48	9	575	434	651	845	621	503	279	486	813	69	507	88	759	846	195	628	400	98	727	4	681	594	553
611	398	81	777	604	951	153	343	120	411	395	107	302	465	884	75	571	130	13	505	616	161	238	397	204	772	106	731	685	659	384	26	192	323	135	3	668	974	360	23	614	792	44	766	663	181	538	485	978	292	521	85	884	519	438	242	239	66	926	385	92	80	1	795	544	399	283	496	60	596	609	311	32	232	431	20	943	750	512	117	530	683	62	332	570	720	617	128	864	852	195	698	253	531	533	53	356	830	201	403	297	302	800	319	97	207	996	85	982	912	405	783	922	134	148	973	645	595	672	989	435	558	873	334	83	777	298	210	267	833	963	374	887	797	714	313	626	128	137	291	447	377	655	142	990	32	218	976	346	646	58	497	372	14	782	371	568	906	267	683	553	232	94	8	90	811	155	299	999	385	965	545	745	968	792	115	948	94	185	67	348	333	159	678	651	669	164	319	863	92	86
139	656	220	373	607	635	777	37	98	805	599	554	76	657	703	981	574	112	270	952	617	892	999	917	898	448	872	578	543	921	932	835	676	930	137	498	860	878	875	540	499	89	568	669	791	868	681	86	382	786	548	652	904	175	41	384	746	318	32	64	961	109	379	504	177	725	485	696	312	814	751	269	547	714	459	985	790	415	817	871	343	556	941	441	990	185	359	681	7	26	789	300	136	609	585	207	475
203	942	91	426	704	826	950	751	922	951	974	322	543	365	422	172	94	450	109	320	726	157	662	353	389	997	410	245	96	237	788	138	81	860	683	902	76	174	59	120	581	141	260	747	182	463	578	689	346	114	887	456	203	901	342	814	951	408	728	894	565	424	597	575	532	63	167	999	83	487	58	651	768	820	748	803	251	858	440	721	685	277	984	723	682	724	808	654	472	591	951	638	626	64	846	517	225	907	186	255	958	827	992	266	278	102	493	792	289	648	483	589	948	971	910	279	771	652	926	244	223	835	895	553	623	592	395	89	849	18	909	797	986	168	794	379	885	785	762	50	442	399	861	870	585	716	129	603	730	444	108	431	930	68	823	399	377	837	967	454	493	802	263	268	660	697	352	518	790	519	974	843	309	494	245	645	645	664	922	565	765	388	32	954	67	687	377	652	535	422	655	758	50	380	394
503	571	742	284	79	694	984	536	788	695	371	428	108	733	327	4	694	393	183	741	352	341	566	101	76	481	529	947	9	272	713	304	675	518	205	403	522	126	499	190	3	310	152	309	939	424	810	969	203	733	918	710	64	42	239	845	379	921	493	94	997	814	988	428	316	526	643	947	48	374	192	285	644	950	512	222	917	918	770	866	897	982	561	750	407	563	823	472	28	24	608	104	801	22	918	266	775	962	790	464	78	200	629	490	571	821	460	476	399	770	505	9	998	205	532	84	640	440	38	497	983	300	345	660	771
955	985	361	550	782	530	911	814	359	607	676	626	220	601	429	954	130	28	213	5	776	602	551	394	737	735	144	878	566	319	766	538	680	295	947	248	638	451	989	532	717	35	791	256	58	862	966	531	552	66	957	139	904	267	735	161	471	618	0	71	279	25	914	212	590	566	63	49	61	913	905	544	317	897	752	540	845	509	262	993	241	814	529	978	705
