154	615	859	21	620	775	428	558	238	24	657	320	753	634	522
726	267	833	680	548	103	804	922	650	277	921	600	654	873	195	30	586	538	863	220	901	815	373	222	534	423	920	833	925	628	1	45	439	142	279	424	636	182	349	921	717	127	255	29	289	230	250	686	688	195	377	262	726	563	8	750	715	964	563	475	47	203	795	891	991	55	589	192	778	22	97	810	13	554	933	484	282	959	932	749	555	893	936	654	907	877	162	30	402	634	324	993	255	257	721	496	27	343	870	375	644	394	897	246	644	352	929	593	860	313	338	715	483	44	266	160	436	932	442	65	626	193	745	706	821	108	832	69	513	632	170	979	404	612	378	302	2	928	427	451	562	291	215	676	702	370	445	804	543	189	414	176	705	540	473	172	266	843	420	926	670	601	891	52	849	719	60	295	136	834	581	839	560
931	957	829	540	638	699	102	279	796	64	462	977	739	42	711	786	450	677	757	486	13	922	226	980	592	211	95	316	436	862	631	655	853	861	347	855	103	764	294	525	940	269	854	370	113	498	759	582	772	867	156	5	584	937	939	243	258	666	273	683	840	736	540	584	184	681	383	734	884	67	676	379	69	566	602	965	427	409	195	817	806	128	92	391	362	786	452	37	233	651	594	359	270	486	71	343	58	716	317	269	204	857	471	642	355	49	83	855	678	920	272	780	630	343	16	240	488	93	808	585	39	91	966	384	386	178	348	872	634	305	214	146	479	773	406	892	156	372	723	420	374	537	218	851	918	849	356	147	168	820
427	58	811	412	864	544	799	845	310	471	294	26	461	432	710	362	183	532	274	491	327	56	759	750	163	683	85	483	814	211	777	887	860	786	398	210	514	629	298	654	598	999	368	408	501	753	695	438	9	641	132	257	584	880	602	783	797	239	418	936	346	914	414	625	741	361	698	1	888	393	622	915	283	325	252	734	234	291	686	733	280	196	801	385	204	88	342	647	200	150	906	729	21	879	725	308	594	270	641	473	96	958	564	322	549	777	370	507	489	332	575	905	253	674	826	87	356	212	255	156	549	332	328	816	763	475	301	24	464	430	959	485	46	48	891	600	404	306	63	995	108	910	763	378	869	883
235	63	875	485	394	184	199	912	395	314	704	758	817	247	55	862	874	151	942	334	232	490	268	447	647	30	13	259	57	530	159	123	250	720	720	754	105	585	821	173	413	708	317	828	926	85	290	425	87	564	70	603	146	234	408	512	886	33	981	607	189	837	962	381	410	487	844	543	831	830	9	269	673	140	976	529	40	282	894	133	892	866	856	539	283	801	979	25	486	452	215	388	464	544	799	568	683	120	956	189	206	650	337	347	554	1	723	774	766	199	52	795	554	144	522	719	620	95	604	371	773	881	164	478	123	172	453	823	142	569	734	39	994	287	888	31	997	387	508	984	886	873	286	332	826	588	909	644	562	122	803	221	841	662	623	14	406	212	729	941	556	3	79	179	661	111	123	525	86	46	602	712	974	241	800	249	736	268	576	660	434	573	396	449	101	94	119	954	935	5	259	326	654	75	746	15	755	580	532	907	715	101	45	997	707
171	618	191	204	541	111	381	212	616	7	183	556	580	810	113	178	594	627	612	292	20	582	424	420	398	152	553	108	992	496	777	851	653	891	604	549	529	487	187	491	81	937	776	276	531	995	697	181	143	410	976	177	124	153	909	797	66	374
796	422	282	749	984	41	675	171	722	812	783	376	701	600	876	508	469	733	859	993	877	888	74	65	773	920	418	113	375	867	313	239	144	632	580	29	431	137	718	297	774	7	644	244	80	332	160	288	688	10	563	818	377	493	922	981	355	47	62	739	481	270	387	348	10	841	387	586	292	356	834	426	391	197	61	482	205	299	958	145	450	175	31	261	781	178	450	401	966	152	327	47	701	26	550	695	245	503	279	802	920	309	328	317	63	526	800	780	625	753	263	731	264	345	869	328	514	603	182	819	78	438	851	886	100	301	582	130	252	377	281	310	625	678	260	424	206	849	417	47	427	797	87	966	272	38	841	549	537	181	101	720	152	984	326	99	326	734	284	304	699	133	496	475	482	117	911	999	863	869	731	718	416	375	594	708	216	44	323	495	458	859	582	82	373	689	262	298	647	447	311	296	358	426	32	578	613	563	684	359	910	374	598	438	540	740	707	629
751	142	434	335	417	349	430	681	836	287	73	848	928	686	448	140	881	655	146	319	987	660	198	915	164	86	371	439	327	714	352	16	209	352	395	52	792	196	538
763	771	946	605	283	336	402	702	434	298	132	951	991	785	670	109	163	288	673	884	828	167	514	158	120	607	281	962	685	771	140	44	707	207	482	195	355	670	321	852	14	854	559	249	81	597	721	329	74	175	742	174	611	679	994	720	206	96	57	861	269	510	618	994	699	689	602	58	345	564	795	198	241	661	454	55	267
274	55	242	825	151	257	690	56	389	874	358	626	262	890	888	541	491	658	80	664	153	477	464	637	188	32	481	175	679	24	405	628	946	485	916	755	199	677	524	238	176	477	790	537	137	248	571	152	791	597	40	890	587	821	679	977	713	460	837	650	452	197	957	759	629	439	422	351	384	763	668	306	559	145	532	556	52	411	612	788	913	814	983	855	850	915	832	360	538	70	283	633	448	947	222	836	706	983	523	870	57	579	721	668	129	608	970	643	929	46	646	26	700	299	833	145	765	596	375	90	851	978	850	972	436	713	653	706	966	901	537	426	949	512	594	24	61	523	690	259
