276	80	765	912	237	312	712	157	159	595	383	370	36	317	415	407	192	848	65	686	926	946	772	392	804	727	302	112	873	696	788	516	789	296	957	360	968	339	636	849	237	857	765	813	403	342	317	158	137	713	786	358	649	366	158	929	277	299	2	308	656	644	156	312	989	815	558	27	649	295	671	296	234	367	289	607	499	848	631	981	264	565	685	564	773	763	849	229	417	886	373	888	752	928	112	228	634	743	410	278	379	910	408	659	402	878	305	365	567	303	804	974	572	424	723	115	630	545	317	709	930
923	234	525	617	711	268	583	372	208	733	780	632	94	852	628	980	957	750	788	775	618	755	370	876	807	558	219	218	842	809	392	753	19	599	879	578	155	220	61	514	423	315	666	838	114	684	107	248	521	375	819	964	187	866	279	10	873	413	535	602	620	37	911	397	80	402	380	35	407	169	141	562	571	523	460	268	604	731	326	451	955	259	806	289	767	432	21	936	669	829	866	641	627	861	959	803	297	443	201	650	228	169	634	392
608	860	644	548	182	851	629	527	110	699	80	130	491	416	345	497	59	915	224	100	260	71	158	404	572	786	641	953	850	356	105	459	106	518	177	934	661	918	447	846	628	320	435	889	900	411	535	575	421	198	103	32	101	89	276	579	470	149	951	998	56	808	443	975	945	874	48	270	613	815	773	837	304	856	540	963	439	971	308	888	548	700	686	792	59	688	1	775	432	938	74	698	79	760	757	205	266	419	717	653	913	544	440	589	924	971	22	376	598	777	613	172	754	288	883	173	251	898	433	947	933	75	103	533	579	275	752	21	917	918	544	167	243	106	890	629	177	616	19
436	993	141	128	765	489	0	627	847	535	841	793	111	871	649	201	78	517	406	274	599	964	514	997	856	346	664	440	321	556	390	640	302	138	317	379	37	766	582	667	936	699	855	67	496	18	342	817	39	152	989	538	542	140	237	837	139	825	3	529	77	418	82	334	774	389	296	820	581	514	888	657	187	657	180	226	854	994	247	656	105	432	752	635	606	208	498	972	921	140	410	538	554	221	42	346	534	162	298	658	346	302	68	222	795	482	443	815	423	79	293	837	805	570	65	93	574	116	174	780	936	259	896	926	184	603	999	107	106	458	881	639	68	485	786	407	746	815	717	930	395	23	632	463	271	597	935	661	650	384	953	648	682	728	143	520	584	156	275	85	839	911
560	524	461	281	270	350	237	44	189	388	364	790	174	649	960	208	742	705	697	409	494	268	657	937	411	841	884	43	757	796	474	515	523	852	660	412	831	66	876	422	404	637	521	855	32	606	142	977	148	199	483	346	145	290	881	679	742	751	81	44	282	170	202	230	523	941	582	265	500	596	476	898	591	437	566	571	80	290	393	494	97	451	290	562	576	230	612	202	925	293	111	37	676	597	265	786	392	375	990	972	39	670	208	367	711	802	601	982	669	87	898	86	561	827	913	840	59	18	74	258	877	53	530	899	613	628	982	715	114	45	130	917	552	394	401	49	658	29	296	698	41	696	15	79	31	538	248	750	913	778	543	956	407	642	755	328	792	910	336	877	139	369	629	781	159	95	982	589	433	797	920	270	154	917	278	607	839	710	485	801	899	374
921	724	511	608	900	826	565	128	599	400	568	930	603	829	356	980	677	954	480	166	331	850	660	136	496	227	534	958	846	224	879	36	959	667	512	461	643	575	971	671	5	288	979	685	802	967	222	458	440	534	293	13
286	704	4	472	467	372	450	105	77	200	876
466	266	882	292	477	635	472	671	560	696	817	333	203	175	949	721	499	412	609	498	837	766	895	170	413	625	60	76	965	469	805	701	849	526	822	661	75	974	670	842	979	425	796	270	105	76	657	581	230	861	761	373	680	861	688	787	983	81	241	345	787	221	300	814	698	627	12	108	924	634	447	210	894	601	410	874	356	180	460	166	44	289	258	417	489	374	770	965	797	694	886	257	416	462	976	694	810	808	728	74	524	107	80	396	23	279	356	954	173	365	588	222	458	349	198	549	441	156	805	124	895	384	732	710
601	29	308	275	758	602	118	252	796	394	232	213	678	800	344	586	750	370	275	330	383	820	883	944	510	703	16	58	203	502	518	292	793	548	295	35	873	432	306	136	415	230	777	144	491	334	786	598	958	489	739	287	360	245	314	352	791	804	89	847	841	104	216	491	685	779	640	359	471	208	226	660	157	819	382	255	864	267	736	925	521	381	845	382	900	446	73	455	31	529	170	622	182	978	569	244
494	340	561	693	844	370	200	29	4	931	52	203	779	857	415	950	539	925	974	353	895	775	750	147	864	654	732	147	315	291	680	373
