876	369	55	864	963	307	527	855	109	876	851	971	208	138	274	862	46
396	353	795	490	566	279	465	976	823	27	445	484	825	551	401	938	701	239	666	43	789	308	662	885	451	333	677	549	927	644	540	173	335	854	535	237	33	631	2	412	442	782	162	551	380	382	645	54	484	123	321	785	687	688	527	504	583	305	640	665	303	366	616	638	931	948	771	184	247	178	603	536	992	592
164	188	694	371	273	444	361	392	622	904	796	691	370	393	803	201	270	579	882	613	927	971	102	723	719	900	701	381	470	877	7	571	190	631	957	198	343	822	835	410	902	479	208	81	110	514	516	740	386	132	314	349	421	884	7	189	321	254	176	951	938	690	151	601	953	372	548	350	700	574	265	618	79	183	455	858	894	852	461	699	437	715	323	912	344	702	182	172	367	673	14	33	551	44	687
504	305	793	683	846	934	535	440	510	207	769	844	432	667	211	797	270	863	637	770	708	826	389	627	822	789	784	381	949	586	227	820	593	578	520	499	877	824	671	911	793	177	867	463	661	179	432	249	293	827	132	748	28	873	671	46	839	908	443	137	812	38	384	445	940	508	686	98	786	744	213	125	262	982	677	464	301	625	681	133	678	33	436	144	607	668	972	389	108	109	968	494	666	582	558	352	10	668	27	757	307	545	900	552	35	979	733	994	455	594	769	589	56	854	883	890	805	317	363	208	170	491	919	346	307	151	136	84	189	622	916	60	186	835	608	443	921	997	31	803	995	23	19	321	556	190	53	542	842	404	230	750	730	866	839	750	599	300	512	203	374	457	690
784	184	612	524	1	608	66	895	861	847	380	583	992	115	988	156	448	810	905	533	967	56	340	767	666	633	570	126	779	724	781	247	584	923	220	176	301	251	871	483	116	425	675	487	253	994	134
296	873	841	597	818	165	25	12	289	42	547	369	824	123	399	831	169	25	742	191	293	703	574	566	737	643	143	327	907	230	956	836	319	132	485	533	958	592	434	323	234
455	362	821	321	598	551	984	876	110	915	59	485	487	871	898	338	931	687	469	284	751	279	203	112	126	449	390	116	76	738	307	389	432	440	323	263	643	59	369	817	892	488	167	317	629	895	709	937	47	918	14	75	493
26	765	607	226	882	694	836	931	459	39	482	396	916	916	533	377	691	952	310	791	730	565	602	659	954	834	211	272	712	343	637	542	807	870	533	447	468	936	234	286	532	571	131	200	776	320	226	626	869	498	46	963	946	686	91	818	264	110	482	443	176	738	366	519	927	187	871	747	497	632	205	85	263	393	718	866	321	873	834	214	244	636	471	667	15	735	326	701	792	642	753	148	418	976	99	758	260	18	22	182	57	857	749	531	887	474	370	247	909	179	10	409	376	572	94	131	72	584	857	940	975	990	383	966	640	533	224	947	303	377	276	872	112	148	731	199	880	908	70	880	199	512	275	871	177	785	651	567	543	989	581	606	802	320	868	750	440	355	51	275	345	962	333	699	643	668	546	841	196	227	425	619	305	340	981	287	188	221	217	452	571	148	769	157	172	721	56	306	577	418	608	782	447	152	190	527	711	798	927
102	562	289	683	396	98	777	204	558	317	681	244	641	578	781	898	810	550	619	648	27	808	310	883	844	255	188	493	822	772	661	452	182	494	277	840	655	693	163	27	494	410	672	483	637	98	825	833	188	790	10	883	686	428	817	354	604	106	83	339	482	619	539	73	907	434	257	351	407	780	232	429	46	790	845	674	966	617	914	283	123	403	715	975	353	359	776	164	693	698	420	514	448	121	564	353	891	611	710	590	465	990	626	42	969	195	305	763	166
970	619	382	944	421	589	774	614	145	544	88	169	230	997	642	614	972	788	131	54	982	351	925	987	680	261	512	48	938	197	424	34	186	424	296	587	885	162	165	471	254	208	328	849	878	720	156	949	951	606	76	482	806	151	2	744	943	150	946	465	742	327	50	201	921	488	289	124	935	420	489	751	709	484	271	673	908	442	911	574	326	154	606	250	288	437	50	372	500	375	958	529	776	936	887	615	499	747	897	363	195	418	577	476	585	635	152	350	341	51	409	687	427	769	526	893	887	11	483	986	952	704	542	793	746	631	146	614	511	876	303	411	660	897	255	590	963	837	281	833	7	497	553	918	587	316	231	611	940	419	505	506	17	655	454	837	577	744	548	122	377	904	423	728	325
