21	86	53	84	89	37	21	35	81	64	28	4	88	3	28	34	25	94	66	31	18
9	81	62	48	16	69	91	72	69	67	89	47	31
92	67	80	55	12	23	71	51	10	42	83	13	41	86	0	33	94	88	74	53
78	25	29	60	90	39	38	43	13	65	43	7	7	79	7	76	48	80	87
6	18	80	47	35	65	63	84	61	20	18	41	27	29
65	82	27	32	96	12	76	74	97	23	45	49	88	65	31	40	47	28	85
38	16	60	68	90	72	16	94	10	52	45	63
94	64	53	78	77	77	37	63	38	60	14	33	14	79	39	17	54
70	34	31	23	10	58	26	23	87	83	17	0	47	61	7	80	30	36
64	4	1	37	72	37	54	62	49	5	62	38	53	24	23	62	50	5	93	33
