503	629	808	725	730	450	529	598	280	51	507	352	44	277	496	398	474	500	646	584	311	776	938	956	496	958	817	5	98	962	799	969	362	596	21	870	212	20	393	103	938	437	53	183	976	911	11	190	877	663	367	973	69	429	72	113	218	601	533	186	953	619	902	305	738	335	163	699	757	469	252	13	973	258	509	699	732	760	797	673	721	71	903	481	259	378	589	210	907	762	722	889	397	152	230	162	907	74	806	443	443	272	619	984	414	782	174	723	479	91	696	386	329	342	220	522	440	703	181	558	480	84	750	20	614	13	253	820	294	406	765	428	176	795	949	919	509	553	556	580	312	129	927	352	147	446	459	836	512	29	535	881	487	18	310	347	300	769	803	175	7	812	558	991	407	761	584	559	165	214	299	794	588	928	725	899	383	457	422	66	94	251	928	254	569	554	683	374	591
205	668	231	861	487	520	631	838	322	140	646	83	340	626	590	111	963	941	872	302	225	783	730	403	813	675	877	978	75	511	191	978	885	190	451	985	415	648
802	920	939	846	977	386	312	743	207	274	392	401	788	597	501	933	184	974	970	162	671	457	158	477	727	516	269	33	943	978	718	750	335	593	689	586	306	741	949	282	191	248	452	80	672	383	693	732	861	195	625	433	853	381	872	714	684	333	756	300	710	563	793	19	963	246	541	836	554	226	772	52	937	862	593	92	186	462	111	546	297	768	594	963	377	740	399	228	672	154	565	43	291	520	645	738
199	143	325	370	562	595	797	286	521	545	414	972	62	894	393	878	590	589	83	9	788	653	595	665	328	101	549	521	318	705	511	923	248	452	555	189	640	123	85	53	413	267	665	769	320	604	229	377	267	233	784	431	946	195	512	905	25	292	896	611	978	805	722	430	659	348	846	736	242	163	897	336	954	205	207	78	561	629	73	340	844	150	434	589	393	778	998	68	555	27	187	850	820	28	138	349	867	677	152	480	943	489	527	474	658	93	421	322	532	656	544	355	493	597	361	103	555	745	235	892	332	615	394	395	507	463	272	532	297	206	694	26	520	916	410	866	239	227	426	491	596	687	942	655	854	350	375	867	160	37	642	14	55	344	972	705	381	151	142	567	511	407	514	652	339	580	741	983
988	640	520	602	235	901	588	193	202	935	926	542	879	932	742	404	779	707	492	809	877	575	582	965	324	0	954	411
91	650	534	787	686	322	675	274	41	673	307	179	836	680	231	400	509	951	679	843	910	960	845	737	552	808	882	146	722	440	890	2	11	130	655	89	145	512	372	358	85	621	922	954	354	20	907	129	350	309	325	602	348	163	842	946	763	167	627	697	286	423	130	722	849	989	23	332	994	170	594	808	309	201	584	744	925	370	525	707	103	533	107	158	313	207	99	393	608	880	587	710	259	113	985	937	998	516	361	119	200	846	15	291	283	576	932	663	561	574	43	177	490	343	147	654	403	61	201	779	418	983	854	569	495	692	212	55	541	228	394	195	170	652	489	467	939	399	699	177	209	294	210	59	758	462	547	957	244	742	56	415	312	479	809	664	888	227	255	506	217	638	349	762	236	803	182	974	27	192	717	119	194	463	950	7	178	674	397	987	762	379	655	17	396	934	619	422	248	636	519	313	699	832	19	998
522	856	958	142	853	220	540	484	57	622	61	469	676	723	293	746	707	849	801	384	255	240	729	841	93	113	4	306	439	662	249	621	683	962	810	949	207	806	283	580	989	82	761	853	394	589	985	454	236	120	225	62	795	537	912	508	239	989	819	278	193	412	526	16	844	74	965	993	252	237	490	783	156	265	42	136	729	346	362	217	983	795	876	941	400	333	756	933	188	282	425	863	174	83	526	516	502	443	337	823	443	166	108	90	427	47	23	858	761	608
235	67	503	19	553	817	248	538	198	50	116	655	499	71	689	843	319	539	619	83	223	104	488	482	708	331	278	268	960	157	262	529	221	25	799	916	834	840	297	107	441	744	979	648	864	777	482	505	760	754	934	599	802	431	667	350	918	685	440	796	916	77
202	954	988	825	188	279	340	481	89	419	370	944	725	133	924	357	503	345	916	138	360	441	866	170	169	489	255	15	584	324	836	880	774	18	118	594	834	391	86	355	61	564	644	455	672	377	898	75	2	6	835	473	396	598	740	845	774	685	215	520	397	763	458	35	704	344	722	107	58	524	252	590	388	849	111	584	227	662	655	614	409	579	72	860	0	194	553	305	108	486	455	999	916	486	848	336	158	158	685	620	704	742	89	574	285	255	743	799	302	939	322	105	364	690	273	986	103	25	487	791	122	3	109	801	439	424	83
8	573	664	820	68	647	878	701	909	971	142	775	473	14	975	976	135	481	891	554	434	923	90	194	7	16	995	923	230	56	267	898	78	640	900	544	713	144	729	172	626	966	496	96	309	561	953	575	877	680	896	845	227	301	577	835	573	306	364	660	35	837	201	379	715	88	722	91	300	610	82	605	348	100	604	595	93	319	345	990	356	928	83	140	891	354	57	114	726	668	585	218	299	379	231	969	32	629	523	97	425	485	214	877	219	418	70	43	503	178	386	758	21	49	175	859	733	858	809	316	490	163	382	836	929	591	727	586	889	625	560	678	119	702	110	150	159	508	411	498	781	787	482	522	760	41	241	156	913	395	868	634	412	120	841	379	537	389	37	817	106	630	183	255	670	912	479	796	540	809	654	591	560	220	52	538	578	895	859	223	477	814	970	603	705	870	851	894	966	198	153	983	731	592	328	849	851	978	674	985
