581	294	729	410	51	169	378	359	306	446	133	217	765	266	784	322	682	401	147	768	879	814	382	383	783	26	762	762	23	460	625	34	18	526	849	451	824	291	397	400	379	619	888	244	486	347	303	740	918	921	227	264	145	296	482	931	882	215	163	374	371	406	287	609	271	871	253	758	25	985	813	343	855	322	552	194	40	541	300	717	30	48	341	306	794	613	516	302	880	175	960	355	968	282	155	498	227	665	984	139	653	499	744	398	62	980	597	399	937	569	245	236	393	555	913	199	918	30	734	407	611	86	74	968	943	694	710	641	482	509	495	933	74	285	75	334	714	967	49	736	423	628	82	559	546	665	402	403	144	345	401	505	149	845	342	636	826	225	988	548	775	687	696	892	126	991	795	655	488	929	531	526	866	585	667	842	628	78	430	699	46	519	220	824	885	355	5	981	19	260	354
460	974	492	380	466	662	410	426	464	449	430	176	783	629	29	639	971	667	265	665	40	653	347	798	867	495	370	772	577	323	773	861	724	387	452	76	382	768	111	516	931	792	391	50	392	275	916	631	384	951	443	446	938	740	806	217	730	377	71	475	669	376	646	944	458	159	321	786	181	159	561	853	54	284	110	857	555	202	517	21	829	685	304	923	583	64	222	887	373	510	107	237	249	653	698	814	993	158	32	758	462	504	204	510	579	718	282	426	39	282	841	845	733	9	538	257	233	842	616	153	882	354	371	429	79	90	952	606	791	498	40	422	775	342	971	304	295	5	646	72	837	586	592	208	443	40	397	664	183	361	718	174	719	461	500	327	838	930	512	318	605	187	790	734	119	666	177	511	27	619	196	114	562	408	148	889	520	300	301	113	113	417
369	465	823	110	879	742	654	141	326	374	840	375	855	747	663	14	785	672	733	268	752	33	91	672	894	770	542	652	229	411	816	54	495	534	524	383	478	856	878	927	498	563	566	860	8	897	148	509	144	607	4	964	252	849	6	579	911	925	853	132	461	651	226	651	894	164	379	777	548	487	958	463	565	230	734	302	28	786	210
989	465	881	859	235	922	840	268	872	835	446	734	903	810	963	228	930	158	472	983	724	104	18	765	338	792	427	864	656	196	809	275	474	889	485	602	777	115	747	201	250	131	371	939	987	851	226	582	581	227	149	86	824	616	462	637	245	41	742	884	989	878	290	53	423	997	839	153	883	338	803	877	438	787	720	650	271	832	681	20	508	836	121	94	457	103	368	863	333	661	324	230	726	252	534	281	66	828	122	487	51	702	432	620	545	491	260	556	578	765	285	444	985	865	205	432	791	937	139	619	466	63	206	476	844	642	458	155	697	367	840	572	736	981	875	440	447	351	527	817	600	982	432	114	560	287	855	964
118	125	503	858	905	305	519	570	14	699	883	431	725	531	188	742	347	528	646	813	966	111	118	978	898	111	210	358	805	652	823	84	119	402	960	356	270	152	385	937	139	131	129	817	113	346	135	442	342	215	14	828	94	686	685	432	519	128	687	399	323	489	80	472	787	88	29	742	854	960	571	558	924	24	935	798	856	31	759	871	406	360	348	746	942	699	502	309	903	391	271	554	273	133	528	901	360	486	231	495	605	662	166	690	459	219	305	94	342	624	91	371	791	618	807	814	281	146	791	160	940	69	152	24	373	281	319	906	843	875	344	303	517	335	84	714	699	579	305	133	546	898	568	895	422	287	114	723	360	920	127	243	21	881
915	539	660	1	66	100	773	523	953	966	813	331	105	333	938	670	726	846	458	969	786	457	244	559	30	614	285	385	865	714	756	613	604	896
336	556	255	371	247	276	475	761	742	898	973	849	581	464	39	522	810	372	320	642	423	515	870	270	94	548	878	856	119	979	505	346	948	255	752	630	38	747	191	184	331	669	9	551	196	885	360	611	811	135	237	787	420	743	663	799	103	785	289	829	546	43	663	970	300	630	145	693	651	661	106	67	346	62	350	351	598	270	369	143	723	604	720	487	187	769	340	947	974	443	42	931	897	254	225	154	327	791	953	761	255	669	825	861	801	737	977	393	800	826	130	843	307	573	517	971	137	269	895	618	662	699	849	812	171	308	380	169	390	989	515	247	472	272	686	341	111	776	696	259	105	536	997	444	502	844	480	534	50	215	979	666	759	410	315	539	680	204	47	315	413	621	902	108	473	657	557	246	506	921	580	855	57	302	159	483	845	757	912	201	901	492	434	213	77	620	368	485	789	470	207	7	983	790	458	114	325	259	962	58	424	206	164	24
324	893	182	159	202	897	882	464	79	139	981	706	586	434	621	187	989	112	323	400	563	10	147	658	78	411	971	866	251	293	125	592	836	795	591	611	815	296	191	35	367	848	634	861	8	184	680	264	528	129	710	283	152	921	347	856	525	517	201	281	161	880	144	274	999	768	28	985	450	618	627	181	298	493	395	242	650	700	421	575	494	619	496	789	727	204	253	193	412	756	170	817	558	991	348	607	415	331	274	451	407	607	773	264	549	110	866	802	311	782	425	282	489	764	188	523	396	217	793	674	353	137	861	377	101	719	340	271	344	591	963	460	415	822	407	655	316	246	934	102	296	787	306	886	667	215	906	645	223	480	575	893	218	979	870	383	740	739	29	421	640	192	107	193	11	903	567	740	478	978	799	719	708	739	774	909	735	521	396	356	159	972	203	438	298	461	560	788	566	762	665	861	999	684	739	871	924	857	525	534	526	676	769	750	740	196	401	638
65	159	809	977	691	689	915	735	315	373	39	241	608	348	898	445	846	469	248	694	656	621	418	174	925	704	958	126	674	266	818	628	586	531	774	82	46	724	992	965	866	937	74	198	390	574	30	341	385	753	389	388	434	912	308	399	102	355	283	10	227	92	513	745	782	575	415	996	977	838	126	836	988	53	418	920	91	983	740	112	359	363	537	238	170	837	831	320	959	112	253	255	302	20	184	723	242	968	421
533	630	242	515	324	706	356	827	185	175	303	388	75	5	911	86	754	81	430	237	508	465	999	104	277	869	859	519	514	828	124	525	432	778	936	315	218	415	3	510	698	930	54	248	22	330	798	993	421	721	822	246	251	289	561	337	458	496	635	689	688	18	540	54	635	773	392	523	444	61	211	736	820	596	700	104	762	962	426	137	293	606	505	157	193	625	737	888	88	528	27	730	81	81	60	499	123	184	905	552	904	298	768	999	177	137	793	115	316	578	813	297	55	739	111	845	829	900	441	544	426	636	380	686	656	48	142	135	804	366	564	836	589	613	871	787	272	428	617	161	707	970	189	465	107	87	727	562	388	627	128	731	742	334	108	969	275	40	204	419	693	246	344	932	93	356	890	346	618	931	843	337	661	259	96	577	713	318	748	269	462	880	190	544	163	414	842	237	534	77	324	706	688	198	702	292	837	178	138	102	93	123	501
