344	515	585	121	13	976	571	283	393	398	219	865	59	557	797	301	450	779	748	15	980	58	781	507	877	388	573	973	575	198	358	74	645	84	619	266	241	174	712	836	829	541	444	806	192	99	104	745	46	768	827	311	261	472	678	535	122	843	143	388	319	628	657	908	53	774	639	722	972	353	323	452	770	290	9	63	246	538	257	795	220	142	453	758	490	742	690	635	741	356	264	385	981	983	196	385	759	490	804	387	587	594	609	260	700	438	995
695	689	324	800	635	776	686	227	57	616	108	24	481	428	968	423	896	432	996	124	860	573	32	925	54	605	143	83	981	896	924	127	740	413	845	771	27	577	789	542	420	347	524	605	932	932	117	233	488	88	45	914	740	6	444	952	347	937	750	317	245	387	848	796	371	803	492	363	644	221	96	740	868	392	16	84	766	273	480	597	38	8	705	65	514	727	943	607	129	895	554	608	881	892	676	718	557	275	788	682	892	49	417	466	265	859	972	714	723	355	968	952	376	516	603	822	721	944	960	741	728	141	398	541	517	271	895	639	240	88	70	927	388	223	903	107	23	347	454	307
498	435	688	23	967	235	752	715	6	900	312	172	628	683	539	348	360	78	194	598	869	418	83	783	224	743	123	994	766	310	977	734	91	405	35	370	938	12	397
467	990	992	818	830	605	499	655	686	307	57	613	523	250	320	947	617	465	552	325	773	277	944	197	406	352	277	506	358	840	935	263	523	931	132	105	671	488	547	482	744	633	813	199	160	604	673	465	534	404	244	90	276	532	841	928	695	247	952	49	219	100	571	695	29	435	696	155	836	226	929	396	829	551	529	689	158	470	20	93	675	973	237	759	79	32	750	983	533	625	211	400	977	138	296	242	67	995	604	440	393	26	238	576	995	289	218	32	258	899	399	690	940	540	332	33	461	506	902	831	593	703	839	921	413	608	63	593	406	909	650	145	451	214	509	418	549	731	306	817
6	134	626	270	809	678	717	207	155	559	419	744	577	769	714	854	885	621	916	486	594	497	45	126	904	343	376	217	447	513	328	104	478	325	673	852	199	632	672	710	756	606	995	875	774	477	28	62	404	643	386	45	759	155	346	872	867	162	267	683	21	227	395	178	209	652	524	848	875	622	406	554	809	70	851	556	459	443	242	124	100	674	83	138	913	471	363	694	488	732	43	637	823	337	11	826	582	10	922	839	287	13	561	19	391	188	653	854	505	589	388	489	115	107	11	632
170	935	546	87	43	108	419	320	70	631	883	167
766	750	90	396	692	376	90	891	744	322	556	792	611	773	76	430	887	132
242	878	510	418	284	986	393	925	481	882	890	517	716	962	872	201	447	85	876	459	1	217	24	203	895	378	566	712	31	338	273	255	905	148	7	713	455	915	200	573	903	959	703	376	470	555	79	71	166	12	825	185	156	485	965	727	223	57	109	468	375	580	576	339	794	320	390	972	247	887	733	874	464	61	290	159	519	344	35	896	532	810	996	643	341	243	257	482	274	746	479	250	316	951	212	646	184	349	594	393	210	42	673	45	567	321	126	694	205	389	228	547	755	408	708	313	919	103	46	551	585	381	45	601	878	54	940	334	610	392	284	437	994	818	123	857	457	937	278	595	272	706	978	477	163	658	772	20	755	869	414	989	167	326	540	933	825	738	219	884	579	342	941	600	197	472	437	65	926	983	646
37	594	845	760	411	948	745	770	930	192	304	816	504	922	33	703	368	347	53	851	485	402	752	353	645	68	927	411	632	932	143	965	907	231	806	82	911	900	3	461	282	361	4	349	967	714	609	807	697	363	684	614	425	603	162	762	810	169	172	169	566	289	80	514	859	17	273	0	856	442	565	281	38	600	141	436	230	677	676	946	401	454	349	190	753	984	940
889	131	161	854	705	446	856	903	860	101	546	35	559	726	601	121	84	21	790	447	591	946	752	749	954	79	256	733	567	300	202	587	428	386	481	285	804	591	155	697	196	246	534	830	982	930	603	421	967	562	813	520	286	670	403	52	615	737	356	850	89	223	349	227	624	501	683	570	783	776	374	255	864	610	174	688	652	855	897	790	28	447	481	981	264	183	321	142	336	581	737	669	391	748	115	278	873	931	370	183
