38	68	49	63	35	87
29	13	31	42	77	63	44	47	57	36	35	60	71	79	23	22	15	50	80	12	83
44	83	70	33	90	65	98	5	66	61	51	82	46	78	76	60	39
28	64	75	97	84	8	93	88	18	63	8	23	79	88	2	51	46	81	42	24	75
79	85	75	38	24	54	98	61	75	53	65	10	23	64	79	82	77
27	28	49	1	70	40	88	34	15	27	31
10	67	65	49	85	78	7	51	36	3	20	45	41	46	85	22	90	69	79
49	27	79	95	27	98	91	46	58	99	96	54	51	87	64	50	89	85	57	53	43	73	53	63
30	23	96	2	81	95	20	93	91	5	76	79	87	25	70	88
5	4	61	40	60	29	86	31	10	30	85	63	6	3	49	96	97	34	30	56	10	21	63
