508	853	674	193	333	555	355	712	117	81	875	99	423	27	649	786	277	440	664	461	280	829	399	531	486	894	977	284	258	621	955	653	448	425	225	773	903	323	246	722	475	442	544	585	963	945	894	820	535	822	576	523	916	370	560	247	31	585	43	217	405	909	524	91	466	717	972	466	808	500	169	436	761	236	52	892	277	723	710	834	932	398	578	170	918	299	408	780	825
257	452	138	730	416	28	306	551	389	896	43	760	425	60	543	235	38	562	883	357	379	393	545	51	5	575	129	33	861	657	374	176	635	522	716	536	175	240	658	253	766	314	807	427	798	733	361	426	607	142	383	772	30	191	42	326	712	582	589	471	180	1	71	479	488	329	761	656	355	283	339	296	548	356	610	448	242	379	675	473	863	100	229	380	916	653	713	327	465	271	917	194	962	412	954	980	330	752	886	998	263	763	131	559	413	41	662	906	591	356	963	68	253	892	718	808	357	825	741	980	889	395	851	524	476	211	445	818	393	267	795	301	743	535	313	467	328	341	277	166	390	37	999	881	468	339	957	718	518	696	911	931	278	478	829	3	696	237	575	502	896	559	342	241	354	403	583	685	72	218	319	29	843	67	599	766	62	820	400	874	106	606	654	231	47	65	851	300	948	266	327	429	370	255	1	944	842	599	984	312	442	729	567	673	627	989	962	245	64
662	673	51	224	869	493	399	40	899	414	430	172	761	970	953	947	920	985	436	66	722	875	809	272	692	877	747	807	353	224	520	712	345	998	482	495	506	98	720	858	126	738	974	813	171	563	58	790	547	172	362	187	340	680	626	142	494	850	838	11	118	558	999	164	317	825	731	727	469	817	523	342	219	575	183	267	861	155	567	826	384	177	825	345	78	461	792	943	792	915	398	869	314	714	430	210	11	408	320	509	842	100	652	180
265	821	99	116	489	26	581	667	508	925	558	605	490	533	111	49	53	578	891	756	76	856	801	648	966	238	217	831	599	761	259	329	473	461	590	243	609	813	503	457	718	890	868	510	258	548	826	805	407	624	944	279	423	395	829	57	234	687	574	202	779	151	998	65	259	944	28	169	755	232	162	771	913	231	782	853	694	320	670	105	920	553	245	306	409	284	430	759	83	772	213	494	869	734	412	375	849	792	62	462	85	803	2	142	993	677	142	609	451	253	609	893	826	854	579	535	173	840	260	761	25	419	757	496	759	411	201	708	689	433	234	976	70	595	964	346	261	827	209	961	665	326	654	547	625	143	349	971	763	700	588	913	961	662	57	865	872	449	224	53	4	532	163	319
147	527	55	265	344	991	604	919	586	624	780	125	562	166	671	425	452	614	178	572	895	113	15	320	209	220	755	981	152	53	840	574	289	284	847	532	806	315	70	372	514	357	246	961	327	955	635	749	954	663	427	764	84	29	884	236	25	322	878	430	912	175	356	987	18	608	693	720	946	899	946	459	448	8	964	585
578	368	619	306	894	878	731	901	982	252	288	741	7	371	379	607	184	132	516	691	700	242	854	643	581	114	781	150	741	864	378	360	178	127	845	512	498	85	876	350	634	220	400	166	748	493	852	529	295	229	140	377	547	735	451	163	763	936	210	333	302	90	319	698	57	8	394	13	784	622	547	23	419	463	238	246	249	209	173	676	520	412	984	584	605	630	545	910	153	9	374
722	989	566	908	276	329	30	342	388	684	885	322	340	936	680	133	610	926	497	100	207	649	419	81	482	624	977	590	616	398	376	94	889	970	723	136	766	904	311	343	644	674	282	759	43	715	303	674	535	585	920	947	322	361	185	573	100	771	998	154	935	525	856	598	521	858	14	890	311	808	743	262
891	390	237	485	610	594	152	554	382	916	496	504	681	809	926	652	894	573	791	386	664	434
882	203	557	366	123	621	78	707	803	959	416	335	475	303	790	40	86	314	42	657	473	697	18	99	598	364	718	379	511	915	457	659	862	680	950	366	365	75	62	164	723	912	755	395	447	316	954	284	293	909	429	219	66	710	857	517	821	286	671	923	752	735	621	922	792	198	829	147	269	596	258	815	644	135	132	824	506	365	105	169	167	893	898	923	873	252	235	22	112	660	457	303	940	34	326	331	477	480	41	76	381	480	849	620	191	350	428	894	219	567	26	295	747	552	883	272	957	654	918	186	556	196	333	839	303	244	195	2	861	345	327	6	175	165	182	412	159	194	397	622	807	784	245	673	804	657	176	50	694	348
19	426	272	774	725	641	250	740	777	511	554	811	6	980	284	252	775	427	965	947	724	315	457	524	900	153	604	85	633	593	241	482	761	421	271	146	207	189	934	929	368	558	335	513	208	584	696	863	576	485	918	859	551	944	140	910	850	312	74	464	905	340	197	126	677	207	652	561	38	107	598	260	47	863	23	385	604	299	251	70	679	844	827	539	338	709	981	125	548	855	384	403	210	256	579	703	675	275	826	339	372	818	191	872	308	822	109	43	306	611	652	280	95	411	304	316	422	699	168	543	195	226	408	969	977	578	666	999	139	322	234	386	99	153	50	389	476	890	395	24	291	133	264	546	166	869	962	129	977	218	282	479	694	545	846	473	145	439	910	632	993	10	829	131	860	428	328	297	140	349	728	546	849	142	565	682	882	531	184	6	182	97	525	949	893	300	889	20	207	873	841	722	553
