593	8	6	98	260	791	947	763	50	535	939	487	431	187	116	745	230	937	58	142	226	948	950	618	28	24	108	20	623	258	90	976	466	408	612	755	729	157	541	50	508	370	144	881	432	248	316	837	671	543	214	685	677	936	856	750	209	186	158	353	896	759	187	135	839	512	408	336	38	29	429	43	529	708	150	916	977	757	601	136	308	627	571	409	811	256	695	700	1	341	952	144	772	642	346	544	248	594	337	832	696	773	425	48	561	692	473	748	661	564	510	12	153	360	44	190	369	547	179	686	794	76	8
441	700	726	137	186	477	510	909	359	774	198	729	617	424	522	240	652	467	785	798	778	398	200	956	116	432	113	423	133	845	200	949	43	484	975	666	278	21	393	521	828	566	247	442	934	633	253	890	649	90	47	592	120	20	755	225	798	395	325	195	524	368	528	987	624	551	81	81	671	901
422	209	239	538	706	296	182	877	387	477	202	205	999	161	313	678	523	102	508	530	210	640	426	839	340	242	366	450	465	688	192	398	828	189	439	256	113	308	935	466	468	421	167	813	207	534	219	831	701	851	352	791	201	645	6	981	885	910	503	524	902	411	235	831	674	840	902	758	648	946	718	246	920	376	419	473	409	370	944	432	332	798	712	111	383	796	860	109	647	985	232	244	913	484	66	344	665	889	61	8	68	588	698	234	114	511	765	386	36	428	916	950	78	210	657	891	758	781	909	277	930	890	781	698	546	419	798	460	617	524	333	400	430	111	692	759	656	295	981	173	604	515	922	362	910	905	28	916	874	754	388	916	108	954	16	733	501	525	744	767	871	855	441	239	968
290	682	39	911	450	817	209	495	348	450	128	529	847	267	343	343	79	873	252	404	881	931	184	418	585	73	138	936	522	1	867	148	506	459	187	470	67	371	674	617	363	570	802	842	437	201	292	436	915	586	646	236	926	812	924	936	697	562	148	463	542	843	176	308	69	201	792	794	454	263	823	225	870	525	893	195	681	209	951	741	848	52	989	919	606	201	150	107	95	513	175	607	351	195	738	572	206	621	109	967	276	331	781	31	62	611	808	207	983	804	347	288	94	218	740
871	661	657	424	739	161	727	405	786	99	531	383	26	608	565	947	386	814	931	297	888	673	429	804	603	772	69	98	269	524	40	191	268	398	736	86	995	270	316	842	230	121	519	293	42	406	413	421	642
770	598	901	921	957	127	40	266	211	32	935	354	607	888
361	363	527	809	455	96	84	142	306	24	821	857	657	276	598	276	568	89	229	666	107	34	805	214	827	308	876	290	190	553	538	733	76	738	365	884	404	826	590	586	275	435	74	733	805	998	729	326	811	402	65	991	295	921	960	734	115	277	735	873	783	648	781	715	339	855	467	71	693	980	597	402	110	525	431	864	951	747	820	894	229	104	567	825	778	903	933	790	756	166	139	669	126	332	827	866	485	891	532	70	824	583	186	13	530	434	784	700	505	770	493	957	737	0	834	817	49	824	543	589	46	129	436
381	852	62	419	764	276	249	386	537	589	104	261	620	134
320	208	537	671	644	325	941	7	237	363	721	845	730	30	112	87	985	320	576	955	234	775	91	246	340	466	322	521	568	621
568	805	116	65	619	488	374	504	811	456	82	530	867	241	543	164	168	701	476	425	359	209	269	882	70	50	579	165	468	106	484	269	314	218	137	595	542	171	946	492	139	646	666	947	285	56	349	216	776	846	388	53	784	434	587	484	209	428	311	543	846	180	315	30	3	279	447	733	57
