753	49	378	843	222	91	474	620	727	659	948	20	76	688	808	352	382	208	162	93	846	165	857	16	56	667	120	795	528	844	718	645	184	29	758	882	331	265	717	824	794	568	229	461	561	281	517	426	832	46	24	612	323	668	583	652	877	495	121	855	489	956	182	840	183	404	509	974	564	103	161	209	664	229	785	924	526	69	392	885	350	871	393	679	260	157	726	476	851	557	246	518	802	892	270	483	921	521	452	436	194	847	611	637	399	590	376	950	795	931	470	553	725	66	486	539
249	9	496	88	627	291	897	359	247	899	285	551	470	822	87	863	159	276	519	723	699	428	996	453	668	759	27	28	179	382	538	504	531	87	587	590	595	514	174	744	915	1	873	649	252	289	869	767	45	149	867	251	455	146	611	915	632	634	952	724	290	464	830	238	800	198	65	527	247	173	570	358	96
651	464	67	658	337	52	399	742	842	716	424	179	261	942	626	269	92	363	589	305	436	634	144	980	336	542	590	543	831	867	479	414	538	786	717	977	120	259	792	161	461	256	104	214	520	680	50	713	360	884	688	410	342	167	574	746	140	98	10	532	264	409	499	499	55	780	954	83	458	987	83	464	600	467	426	464	411	763	283	533	767	391
351	939	306	60	89	976	763	299	769	620	647	430	909	563	848	659	678	645
940	453	223	614	892	228	831	321	9	73	839	148	122	987	765	626	353	758	759	265	944	435	903	740	330	643	321	350	672	249	859	310	153	779	58	484	38	582	248	429	95	302	976	875	48	173	591	784	288	918	306	71	736	327	391	671	963	511	195	255	974	336	373	908	125	946	468	765	150	185	606	771	863	234	271	401	487	799	265	799	73	733	337	92	817	347	629	354	414	764	674	118	694	765	383	253	379	14	529	968	578	668	747	361	690	158	164	827	68	597	879	136	284	794	340	210	171	689	628	184	891	318	846	946	506	544	851	661	466	309
718	205	418	58	209	807	596	997	25	915	132	509	555	712	773	889	818	861	947	622	198	456	707	867	121	635	700	267	324	612	915	190	131	263	140	704	55	181	469	100	141	228	795	971	8	702	597	124	246	563	258	606	315	506	165	655	173	476	371	852	139	398	814	864	813	39	476	709	416	647	687	95	217	173	48	290	117	454	14	513	180	901	689	719	776	795	931	242	124	714	470	61	597	35	21	577	369	654	927	340	985	259	478	619	975	412	196	979	478	495	179	811	959	291	977	940	75	966	221	217	310	279	210	309	599	786	306	473	470	335	413	177	503	458	894
277	756	643	958	810	756	573	146	130	634	471	0	423	792	741	8	335	66	228	287	788	683	561	178	655	472	409	534	84	201	843	577	327	889	290	404	583	486	453	669	903	367	495	863	200	351	931	685	798	773	737	225	408	235	729	999	845	506	478	432	111	664	514	280	475	922	634	441	24	330	196	228	326	180	55	25	273	576	464	190	920	154	12	872	990	289	938	539	156	198	980	163	479	636	837	540	714	278	221	956	376	619	149	422	243	262	667	541	884	833	987	594	164	151	757	90	168	962	406	243	316	891	831	707	912	83	942	167	4	146	79	301	322	23	998	774	426	933	141
796	821	304	219	336	873	570	208	931	246	372	185	807	850	44	902	355	498	467	714	773	12	509	950	824	92	665	304	767	656	88	89	783	728	738	925	528	290	567	446	647	248	448	275	823	146	794	172	557	541	666	552	998	978	441	842	242	734	933
429	803	232	704	688	6	745	544	578	305	677	463	7	772	192	747	205	31	960	148	273	619	776	818	556
61	376	510	824	23	840	805	925	885	121	975	387	225	922	828	212	62	553	325	959
