427	305	867	54	308	10	604	155	431	909	72	336	795	275	370	753	794	4	453	269	377	804	522
240	673	638	759	506	54	582	906	511	825	629	794	577	589	408	246	249	130	802	329	485	175	690	323	436	562	749	878	648	912	725	371	762	920	263	902	509	773	874	973	658	976	928	385	132	623	643	800	20	20	976	420	672	844	554	278	744	271	99	876	319	966	865	834	278	449	241	528	815	178	239	508	435	835	540	434	858	53	412	676	851	647	312	447	249	871	18	656	54	468	752	356	825	307	464	977	949	881	775	17	652	44	210	14	583	986	693	679	192	234	260	2	955	115	165	174	909	154	51	901	757	762	721	438	23	705	638	515	261	391	289	419	902	519	173	110	532	375	124	487	70	547	18	155	598	268	839	661	667	919	566	4	392	961	211	178	68	887	819	58	565	422
928	894	380	30	878	639	716	688	533	667	551	464	108	251	828	880	567	165	290	341	668	513	534	606	364	549	805	528	36	296	790	233	850	411	400	344	193	675	651	368	462	944	479	490	869	824	538	213	71	182	155	277	610	628	993	533	780	529	625	410	255	10	599	244	128	193	693	496	878	679	275	262	21	873	714	813	484	813	166	95	125	854	311	871	101	621	228	560	801	522	638	219	438	788	927	869	314	481	552	318	963	465	417	222	587	48	295	467	952	977	998	42	765	389	751	134	111	664	67	949	472
772	173	607	453	223	118	533	301	457	659	65	93	639	291	852	751	682	646	286	685	162	696	828	639	862	269	952	902	542	616	658	542	516	293	607	378	593	930	970	246	150	313	326	581	770	743	547	344	640	68	568	254	291	616	539	118	101	741	517	613	690	382	43	536	263	459	866	861	489	333	640	469	924	814	678	63	791	357	128	102	821	169	342	793	8	395	294	50	356	376	332	232	621	997	637	213	25	115	630	803	519	35	552	87	848	408	352	133	940	757	473	256	37	399	247	346	721	65	939	823	510	815	674	273	182	194	127	702	300	609	619	887	966	410	933	305	81	820	797	259	184	314	656	816	684	516	695	962	261	960	2	131	813	242	319	603	792	731	474	127	907	569	873	563	673	643	182	297	30	318	777	12	310	324	105	832	307	839	715	351	512	177	120	673	962	472	679	29	919	644	488	32	584	558	149
995	405	408	90	947	293	243	541	703	110	635	613	25	981	342	556	220	344	101	785	875	591	966	342	998	310	936	536	482	372	567	233	520	214	834	789	856	644	706	710	118	836	953	782	698	755	872	417	244	604	380	909	854	99	48	537	86	130	848	543	961	529	158	664	802	268	902	157	727	169	521	552	462	14	271	777	68	243	467	10	575	383	524	875	319	120	712	862	245	457	430	620	885	148	337	758	757	943	829	988	469	425	366	193	558	650	171	710	258	503	299	522	316	640	388	862	508	783	609	602	70	268	686	944	249	163	484	443	970	317	943
187	768	42	293	249	255	844	762	235	13	256	346	722	211	65	31	981	625	485	370	335	468	775	987	345	13	114	512	80	42	50	8	228	87	211	31	804	849	749	790	484	410	82	227	628	935	434	885	229	959	400	513	745	910	834	7	260	320	572	214	238	192	304	26	807	73	614	949	114	894	740	652	249	169	873	785	501	2	240	211	386	548	484	489	755	341	873	966	387	535	581	357	77	896	818	97	606	418	470	238	913	683	331	176	898	127	879	273	267	18	127	577	11	141	123	717	788	869	815	854	113	56	156	619	913	116	564	852	821	167	766	697	258	948	59	459	981	450	278	721	323	221	120	460	475	57	875	499	483	519	528	76	31	233	760	673	542	514	397	704	99	941	494	705	418	219
453	574	10	724	196	437	89	7	296	762	349	640	780	237	125	103	83	773	394	44	537	988	150	717	961	672	904	217	859	485	81	473	885	291	967	986	980	961	725	600	67	841	763	109	330	447	264	400	502	133	958	220	934	25	199	670	936	897	650	396	587	543	806	627	250	965	354	676	615	607	747	168	40	680	586	840	716	401	630	473	938	973	98	707	136	68	490	437	798	34	248	359	792	284	844	187	967	840	119	647	38	38	846	108	966	823	701	117	156	96	747	470	985	610	538	214	586	76	155	306	338	447	971	764	756	504	566	855	715	588	925	938	134	669	944	852	687	368	558	750	482	318	544	128	376	49	955	548	911	364	867	660	352	64	497	430	895	598	233	130	307	67	987	792	958	668	736	444	852	72	878	173	198	354	670	30	752	619	737	138	761	696	382	273	191	597	867	704	1	368	487	406	384	928
175	220	750	586	328	97	820	427	439	792	225	260	68	802	98	72	266	254	503	229	593	525	989	471	780	615	203	608	131	967	409	645	178	3	465	662	512	172	860	893	236	502	305	659	329	521	84	413	45	909	806	705	397	964	130	995	556	764	830	994	776	225	11	629	148	493	904	347	160	552	503	758	442	972	710	6	754	52	443	383	100	7	800	403	826	866	394	842	654	351	57	796	279	637	716	10	691	65	707	623	704	607	976	271	974	588	692	983	313	864	431	962	20	554	934	903	657	767	21	571	88	142	762	722	578	549	510	665	322	685	848	803	833	359	757	16	588	839	116	710	723	23	930	965	358	177	120	494	20	970	737	97	700	503	214	152	60	730	872	461	44	810	347	354	949	179	221	868	350	32	570	688	891	343	451	548	754	383	216	417	872	794	713	429	942	642	718	902	659	794	364	191	757	224	99	693	630	692	113	932	273	623	703
273	315	761	25	706	77	378	592	51	367	860	553	155	439	288	701	733	93	20	87	523	731	904	299	6	638	569	949	662	908	36	288	589	387	588	154	244	26	30	918	671	188	35	687	203	877	180	84	222	821	123	276	697	463	791	768	526	753	265	148	753	904	860	967	417	170	40	8	260	809	947	329	919	667	247	59	107	998	974	928	71	748	912	298	794	942	678	482	796	660	855	99	789	990	528	549	821	896	839	61	957	460	171	778	289	245	874	680	930	722	10	332	322	211	511	715	163	62	157	910	886	38	786	237	685	445	482	778	566	895	360	868	196	860	284	44	337	682	889	280	237	293	957	175	223	673	861	682	435	147	404	840	326	810	928	403	189	305	478	850	328	881	808	252	627	947	452	938	732	725	781	284	874	267
707	233	129	546	117	739	651	374	387	566	23	570	208	461	669	955	270	649	93	897	462	967	577	424	266	625	743	937	451	212	60	58	137	860	372	134	442	28	117	194	605	740	269	149	838	730	987	165	16	796	429	125	401	573	961	496	572	580	865	438	863	519	707	561	183	61	379	238	96	647	218	665	926	532	748	815	402	747	310	447	197	805	915	572	83	568	813	185	919	105	479	669	481	995	849	600	376	794	845	865	566	513	523	796	184	149	717	437	726	583	610	821	69	513	167	287	647	192	443	670	160	577	964	92	96	987	227	77	16	699	140	936	592	549	602
