116	302	169	799	201	745	661	270	262	297	132	230	831	921	169	951	448	546	387	279	344	876	704	431	489	484	818	645	358	527	259	553	394	90	186	993	120	596	345	379	940	935	675	135	984	8	222	260	84	727	445	902	452	756	389	996	840	766	864	34	270	365	94	979	172	444	505	902	493	437	907	108	52	913	328	632	835	340	646	164	254	357	973	728
253	17	467	96	663	911	280	846	996	917	396	787	250	485	251	771	823	174	774	647	463	82	347	113	374	196	406	575	305	770	296	387	328	913	675	0	782	606	418	347	99	656	78	218	338	868	747	603	769	909
157	618	392	214	330	960	957	813	701	169	151	554	659	25	864	14	25	122	590	867	536	418	890	998	347	156	685	953	423	197	500	992	768	328	624	134	567	611	986	2	655	652	4	916	893	638	846	823	766	883	720	8	2	811	804	298	949	708	96	885	977	750	884	921	488	482	697	850	395	372	898	363	221	444	569	431	225	203	983	566	480	404	381	795	56	789	738	861	543	277	412	113	759	742	120	814	72	874	238	538	883	121	909	798	870	159	730	233	225	303	735	705	806	355	739	220	232	969	335	513	872	672	740	634	946	554	475	659	895	240	504	102	635	996	559	161	845	204	551	889	358	206	565	225	611	824	602	772	148	405	309	791	791	525	143	489	989	68	942	174	176	584	412	87	759	809
852	143	894	207	994	636	208	324	344	809	322	34	22	721	431	738	922	559	547	738	27	792	978	759	423	357	209	539	424	752	374	403	428	205	803	501	701	511	378	832	10	90	954	482	37	534	448	499	331	776	235	727	153	402	735	137	846	653	707	181	442	770	861	826	823	804	581	227	103	400	538	73	249	911	607	114	992	661	741	68	795	805	937	350	466	739	374	279	521	285	897	578	453	233	803	702	385	610	425	271	497	76	376	308	945	849	722	488	858	170	888	154	9	371
936	652	514	916	606	340	589	800	64	172	649	116	347	87	432	551	266	357	428	50	620	470	200	556	134	575	974	321	683	383	727	920	307	604	36	636	904	865	792	250	321	787	401	611	928	259	69	327	944	381	450	200	544	39	73	238	88	268	908	990	449	116	268	61	679	939	675	656	150	853	296	606	650	986	873	980	881	644	510	344	491	135	976	510	785	495	293	801	250	19	773	448	614	845	101	992	238	205	624	642	433	423	367	688	681	612	836	243	768	703	342	892	138	102	993	785	722	772	627	77	611	672	502	309	786	277	881	633	712	354	694	635	435	720	671	263	685	22	919	726	73	180	409	593	336	249	633	895	192	609	579
254	685	859	592	726	322	217	99	613	388	490	697	194	317	851	139	77	607	997	437	304	413	316	924	75	693	307	540
682	518	266	488	308	966	155	76	721	4	20	530	485	94	409	928	359	398	27	992	543	419	580	20	437	903	374	817	241	240	876	13	378	767	722	175	38	703	661	193	217	998	219	952	12	995	857	26	378	925	631	156	891	298	690	147	16	289	443	305	799	141	385	395	719	247	553	887	994	534	475	689	624	719	418	800	769	419	701	387	75	486	382	16	260	68	549	329	557	542	819	903	523	569	10	261	667	12	331	169	227	447	191	6	100	457	165	280	129	914	372	609	814	146	581	641	304	543	797	565	490	493	65	722	812	863	592	38	544	308	179	818	912	536	150	869	87	65	696	799	405	782	812	970	934	232	280	131	770	323	68	380	59	42	507	919	101	103
367	510	673	800	112	977	718	639	370	81	487	498	480	313	56	281	816	391	625	673	928	464	91	434	561	827	438	171	387	222	521	604	313	224	201	832	908	907	742	883	608	175	944	401	779	529	213	356	701	336	791	143	285	412	256	771	97	209
939	622	997	221	927	832	195	488	821	318	432	879	749	72	457	907	519	782	612	150	690	868	95	723	514	131	436	420	312	973	316	542	62	908	68	36	426	267	41	612	128	488	750	835	622	902	645	245	244	800	688	318	229	801	659	738	32	892	162	290	45	270	713	214	116	768	316	92	986	94	767	32	545	513	167	158	15	103	276	640	933	205	756	925	944	529	525	846	351	199	657	467	982	436	125	835	740	787	157	503	820	405	814	530	597	883	861	968	711
168	299	569	692	796	772	539	692	356	612	723	874	637	527	314	160	396	142	340	389	519	822	306	160	167	451	889	913	557	846	417	341	427	184	14	538	588	80	503	992	74	215	843	903	842	418	921	897	961	703	45	737	885	50	522	305	908	869	853	781	162	581	769	981	719	817	653	587	27	455	45	100	907	615	402	829	8	492	799	423	369	362	639	925	150	238	586	216	211	17	251	81	155	912	353	519	89	962	781	391	323	501	83	417	76	361	833	539	636	578	517	946	355	521	909	963	202	478	435	596	100	367	919	613	954	858	556	795	74	517	672	522	351	260	624	304	155	438	595	245	203	360	14	311	897	601	494	888	757	103	755	8	103	399	19	765	413	21	361	946	230	15	775	331	576	378	280	871	25	761	164	986	855	298	804	577	473	188	50	863	50	545	111	117	873	798	89	982	427	567	597
