181	214	193	343	875	5	918	291	914	798	973	938	605	839	330	140	820	395	32	884	109	367	895	147	221	560	440	458	994	799	28	204	735	213	232	559	839	400	778	136	399	964	18	178	600	711	660	922	729	917	397	699	219	478	447	97	594	711	452	744	680	71	649	563	760	214	988	65	727	871	677	789	522	275	759	54	563	64	593	472	258	848	90	590	985	893	66	839	641	920	109	765	57	963	754	607	209	252	385	972	249	589	868	25	205	714	342	309	972	912	199	458	430	550	596	990	684	478	345	688	628	826	913	369	369	629	521	84	123	244	311	63	353	697	169	372	7
729	256	738	386	103	717	319	273	674	165	136	193	170	514	861	146	85	566	841	273	716	787
522	958	286	38	572	302	421	917	621	834	196	397	692	400	930	204	968	716	17	376	354	200	204	89	289	214	26	61	259	694	360	769	127	274	693	226	630	903	635	478	487	839	559	995	477	792	110	324	33	214	342	323	184	263	88	945	260	157	732	499	427	630	913	490	75	911	77	483	161	80	281	701	217	437	398	372	625	951	948	836	28	940	224	155	724	382	281	373	226	659	340	966	700	270	236	121	473	646	562	747	765	660	376	996	903	158	431	976	285	928	51	867	708	570	837	705	841	356	153	784	489	370	158	574	328	103	50	359	132	170	239	780	66
837	979	938	752	845	319	377	512	195	205	284	581	966	653	954	135	810	198	405	838	642	994	611	736	50	712	583	957	69	673	33	191	599	876	845	988	245	876	419	572	730	379	628	597	987	656	383	146	442	232	316	270	115	276	959	720	328	635	414	663	442	337	870	259	25	82	808	280	34	193	563	896	281	167	848	250	172	22	880	76	505	881	264	751	81	888	466	890	779	554	646	488	264	739	287	791	687	751	687	720	149	722	383	104	640	17	876	174	847	929	592	910	508	421	33	773	378	11	938	610	223	590	261
577	710	727	296	89	72	836	287	443	180	694	81	933	648	300	507	685	887	795	540	265	483	380	237	8	634	798	675	48	591	887	973	907	621	688	360	976	991	652	263	258	588	223	917	994	341	621	829	501	717	479	275	490	28	421	863	10	644	774	154	647	939	470	347	128	71	184	290	948	510	687	199	575	281	772	828	592	621	182	106	621	927	1	467	568	630	275	637	597	534	540	683	611	970	745	255	5	551	177	41	386	460	146	106	545	767	990	122	230	374	178	668	941	33	822	916	818	54	583	371	834	292	538	291	257	912	972	632	97	451	490	432	191	413	345	19	431	283	575	540	50	97	218	31	452	881	202	491	441	343	265	918
29	618	855	721	843	31	79	61	159	349	554	217	557	67	462	277	849	82	548	448	391	310	553	687	137	887	673	471	974	660	508	904	754	419	868	978	907	282
146	152	739	974	79	40	189	831	87	761	829	751	35	412	531	843	380	466	188	904	802	557	137	203	563	97	866	69	718	803	372	888	599	477	361	271	979	590	616	887	764	1	567	67	229	479	485	899	724	429	311	541	201	882	29	403	742
621	450	840	632	230	963	435	295	441	140	944	574	273	266	795	220	578	685	285	253	310	516	811	196	496	813	656	190	761	572	442	432	762	965	245	480	521	990	997	696	76	167	728	860	927	432	867	316	459	140	758	517	953	189	479	63	167	752	117	209	886	645	702	564	410	576	278	2	665	39	596	583	82	222	716	318	140	792	413	135	91	716	872	929	478	714	320	543	928	37	181	31	379	840	132	749	605	683	711	951	927	755	1	235	716	305	547	200	998	941	553	287	294	298	837	298	541	54	437	373	637	12	660	190	670	965	433	101	272	838	758	680	368	94	968	639	10	428	369	274	732	630	233	880	916	404	936	538	181	609	166	236	459	984	219	213	895	562	14	753	499	805	583	304	264	779	197	565	817	542	854	573	815	156	992	328	539	898	854	29	664
524	170	961	517	428	763	564	971	523	460	341	83	925	554	738	747	400	785	333	57	951	290	445	971
796	129	599	98	238	417	686	299	764	517	991	72	718	968	221	149	142	172	686	981	729	598	74	91	217	93	102	351	486	128	431	551	606	187	644	694	992	909	929	347	228	650	508	767	451	793	726	81	834	535	631	368	373	990	398	802	941	8	407	637	11	730	850	731	956	413	783	528	760	474	533	709	486	286	502	689	547	884	312	580	386	324	371	140	528	931	339	163	504	988	965	960	448	825	605	711	613	193	592	690	457	559	190	988	698	674	291	555	418	857	441	365	85	101	230	221	818	902	42	652	673	16	628	611	816	806	533	654	322	711	422	773	438	764	822	941	252	640	291	808	23	907	465	702	915	854	996	517	164	258	78	987	459	115	132	110	810	323	262	400	683	922	411	327	376	79	231	634	803	157	721	295	539	340	29	71	69	210	121	112	959	298	491	147	258	376	136	904	685	699	748	217	32	652	167	46	245
