892	152	984	84	122	786	53	350	790	861
774	14	33	201	517	531	990	383	350	405	99	91	61	108	801	344	679	219	908	970	932	386	984	312	667	170	144	633	714	323	643	882	236	471	608	821	226	947	22	171	211	619	50	88	611	337	522	924	282	78	333	425	716	917	246	520	86	355	696	169	769	103	233	121	945	843	727	955	315	994	966	809	305	576	430	807	41	169	420	710	326	377	251	265	771	93	352	394	959	859	418	695	611	252
268	96	136	431	602	705	426	964	4	921	143	401	443	857	427	174	906	783	809	377	946	640	831	77	143	99	16	541	223	893	720	363	497	275	784	136	542	271	908	656	597	694	144	893	148	42	235	194	304	183	792	781	664	853	900	753	986	408	506	65	613	618	952	513	671	326	245	155	738	902	376	486	742	630	938	6	32	410	612	896	121	330	604	86	89	295	202	580	253	854	489	741	898	431	567	468	150	26	584	899	855	418	175	979	407	73	458	597	519	867	356	909	368	540	828	575	638	799	498	609	211	708	96	970	533	800	882	221	526	305	636	211	188
629	684	400	438	438	222	704	90	174	839	358	361	59	721	155	237	156	408	223	361	976	17	444	475	739	825	408	295	890	90	910	834	52	647	65	654	456	793	940	82	881	902	998	397	767	138	388	486	303	240	953	980	416	536	275	309	863	224	515	977	135	28	156	506	507	508	562	201	753	411	586	670	51	117	820	69	281	605	933	340	695	609	713	847	915	101	830	415	277	805	68	367	409	797	746	100	302	907	737	499	722	299	387	400	706	869	597	830	356	740	11	533	248	686	548	958	438	272	773	238
669	153	400	64	524	627	278	320	339	127	809	770	532	596	441	418	61	238	129	400	176	928	511	726	814	10	65	132	790	268	222	314	835	384	261	865	38	904	21	732	119	864	492	514	708	831	996	66	570	382	674	580	239	327	64	98	9	675	558	596	444	92	157	411	941	749	448	615	627
242	141	326	913	845	775	630	839	203	130	36	165	299	939	109	45	308	624	921	936	457	114	165	331	571	398	300	735	453	325	489	137	423
420	575	818	654	582	598	785	22	448	228	328	109	562	984	755	322	581	372	613	739	393	674	250	853	181	601	708	941	414	696	395	570	343	101	287	370	503	914	677	731	442	955	165	631	267	2	27	97	882	163	862	548	789	284	655	289	753	810	330	68	671	294	62	471	269	271	457	674	730	703	514	783	838	906	689	444	653	362	94	218
570	174	545	616	186	761	605	720	478	476	407	723	856	647	56	844	105	806	613	463	103	411	477	413	903	803	865	110	149	820	880	552	93	545	747	220	400	436	490	924	314	994	665	3	848	356	512	615	243	272	306	771	265	442	389	618	798	571	137	598	607	812	199	239	214	671	671	604	792	356	196	50	699	127	961	938	438	161	103	623	669	812	822	327	832	562	362	425	221	785	509	884	944	682	547	799	877	354	204	107	706	667	505	361	717	169	570	717	199	468	789	96	331	532	462	780
590	913	410	295	110	699	526	301	900	148	641	654	928	707	861	119	569	624	31	770	742	400	104	868	855	608	686	115	41	969	839	555	495	768	385	517	202	300	378	791	906	120	798	754	554	986	289	136	895	965	715	22	442	53	751	497	530	24	961	567
463	236	74	446	83	231	588	251	334	619	586	796	139	93	376	108	549	538	5	466	380	691	539	540	610	276	308	277	137	56	199	407	18	163	466	480	56	978	275	811	557	169	158	237	709	654	260	355	500	334	489	250	672	446	637	202	642	121	795	667	517	607	365	929	428	770	30	239	248	43	426	670	530	769	436	384	793	745	98	694	699	942	767	14	853	929	109	989	373	800	405	126	295	539	438	398	544	941	585	500	220	290	757	531	668	233	315	33	806	960	925	132	165	189	37	60	929	550	934	613	395	397	401	866	922	240	820	280	830	225	938	512	594	783	420	272	959	681	823	222	390	93	789	69	119	906	192	248	957	540	577	577	336	67	166	474	523	387	75	708	175	976	634	64	269	796	734	560	849	450	807	156	210	186	152	774	171	491	917	687	784	643	259	568	141	587	891	887	793	537	846	721
