844	681	419	589	416	18	513	215	564	9	736	526	914	566	284	211	751	41	221	156	911	265	113	594	557	874	747	247	103	740	931	923	308	399	321	596	92	954	85	9	545	101	189	536	244	661	925	113	821	765	501	141	870	654	804	592	410	667	792	521	863	247	538	251	775	978
686	223	744	187	82	606	191	297	309	776	365	285	742	396	827	304	450	881	261	974	776	550	986	575	836	762	145	587	979	335	650	289	137	675	253	313	545	257	827	557	854	336	492	951	782	416	986	253	86	610	498	274	692	669	956	129	770	225	493	872	688	464	772	292	924	827	427	988	595	789	496	88	429	247	626	159	516	911	822	878	522	90	502	332	253	228	600	298	67	300	985	931	37	671	179	572	506	828	674	279	937	419	426	174	141	764	514	244	323	160	897	0	566	220	660	663	96	426	578	14	604	854	738	711	421	417	748	660	141	28	986	645	356	987	521	268	299	467	556	265	322	622	940	38	906	471	380	825	716	874	598	910	192	645	63	477	868	906	663	916	326	503	888	10	967	233	337	425	322	522	828	206	233	962	745	61	485	980	819	305	158	281	420	759	14	212	803	646	391	639	492	508	783	340	54	554	720	215	292	688	540	649	967
372	10	962	352	743	365	604	16	276	509	36	37	928	761	527	223	461	326	566	928	726	828	551	432	473	304	346	233	979	338	911	11	126	351	937	221	554	168	896	656	854	483	817	208	342	145	567	735	760	622	639	441	428	477	818	437	263	485	261	377	312	4	968	403	691	831	552	846	940	91	252	54	851
370	250	392	283	759	177	417	967	684	80	434	787	464	752	527	280	427	609	908	400	787	135	770	539	57	91	68	319	131	95	306	689	270	688	336	672	714	257	319	371	928	293	805	689	443	311	539	570	368	878	177	278	63	911	859	269	718	597	72	308	409	773	448	325	18	981	199	993	828	758	560	230	294	569	806	734	720	41	238	80	966	523	128	766	882	335	232	733	22	356	284	6	807	312	170	816	110	655	90	57	321	452	456	277	600	230	426	634	763	949	763	70	280	547	931	760	172	724	94	565	952	473	303	814	469	944	896	645	722	301	107	745	735	803	327	841	977	997	563	361	323	340	77	797	251	357	332	757	983	411	791	683	758	907	680	630	337	641	173	821
488	633	98	323	224	732	737	954	63	641	326	105	249	211	310	545	962	261	957	783	50	745	920	7	763	999	587	720	145	586	122	189	982	670	2	229	467	120	396	722	827	116	144	966	257	458	697	384	191	403	922	752	621	178	610	991	928	357	576	228	981	319	665	477	889	463	535	408	958	325	906	888	741	47	770	724	178	797	466	624	318	655	611	587	158	821	124	561	210	288	132	890	139	588	975	758	507	282	258	404	622	327	328	233	154	89	56	449	450	993	514	746	339	514	853	438	855	504	643	648	970	577	115	801	492	413	525	825	336	773
336	866	510	803	605	91	977	469	849	336	854	648	323	60	848	870	216	290	996	427	285	511	594	47	233	577	311	951	275	379	134	458	388	476	636	808	691	62	619	674	238	755	269	40	843	600	872	727	160	492	226	276	153	665	583	491	237	489	69	466	558	478	215	721	164	748	433	880	151	445	309	865	830	666	558	449	339	415	620	664	250	370	808	339	130	43	237	694	66	808	263	101	876	457	616	523	158	31	811	826	659	662	968	25	75	703	514	490	411
873	309	630	12	304	577	185	340	936	487	599	301	786	701	636	515	505	348	834	893	445	199	166	487	141	856	201	467	697	691	744	575	810	263	172	169	450	629	445	300	85	29	451	235	537	146	236	224	592	89	13	985	873	873	212	470	432	919	387	783	435	876	680	781	924	357	725	121	651	59	231	873	960	334	941	879	544	225	892	91	279	373	385	795	176	407	887	527	358	960	361	254	642	218	542	618	316	167	4	900	2	304	140	336	17	97	887	469	351	694	943	280	206	418	860	806	714	912	659	985	999	369	159	210	547	484	671	123	485	355	656	509	407	378	844	795	759	850	160	860	739	572	392	244	738	251	691	364	12	212	248	379	283
294	357	538	526	118	48	712	151	118	31	403	749	278	683	839	385	215	24	267	594	460	687	197	13	896	652	537	674	647	658	136	55	321	426	264	403	590	18	102	931	516	701	177	898	992	179	728	934	69	916	402	895	337	144	176	970	747	262	139	51	65	981	704	608	917	861	468	229	388	771	418	958	688	134	789	874	587	405	227	797	318	548	300	305	520	746	42	594	403	471	541	816	633	40	237	956	781	947	171	165	785	701	288	61	696	456	683	524	629
609	385	463	947	337	799	650	703	581	545	593	815	445	983	299	87	997	99	671	320	648
334	772	183	993	699	825	412	337	634	13	984	497	946	162	186	744	84	190	384	12	870	45	365	481	80	324	923	960	328	682	610	463	10	353	36	946	794	165	543	386	479	611	546	402	395	586	693	45	238	58	980	688	934	342	984	734	493	736	59	859	162	418	209	553	424	601	11	788	916	127	510	47	256	27	410	780	419	844	143	411	328	427	344	881	923	476	309	461	587	505	157	813	516	963	521	903	360	835	379	178	785	482	199	84	682	819	113	671	236	426	402	321	474	112	299	547	141	250	438	850	116	712	742	703	947	710	821	929	832	842	498	251	251	349	237	699	710	267	476	280	270	284	247	74	742	83	21	40	40	966	774	41	653	927	330	129	895	698	763	922	154	994	421
