241	327	75	156	410	782	806	928	211	679	986	724	499	894	745	380	634	545	607	906	109	817	725	532	553	744	739	148	414	837	455	375	34	534	382	327	103	519	502	34	251	33	379	868	520	641	201	661	969	210	817	121	617	551	752	630	675	408	770	460	345	980	873	651	494	774	222	493	694	632	820	292	406	938	775	36	589	310	297	6	979	388	159	12	776	95	993	682	703	38	847	225	961	903	826	717	250	634	821	335	694	73	709	679	770	142	12	800	341	20	814	908	800	435	309	804	623	161	821	69	747	901	632	180	543	757	988	405	171	535	750	0	110	568	922	359	910	577	798	322	659	577	254	455	864	818	713	851	445
497	568	381	469	825	545	189	410	808	191	727	248	922	421	640	768	563	342	789	195	204	124	111	918	691	795	177	107	232	448	112	277	696	615	482	641	961	620	203	2	811	308	266	927	130	937	105	7	823	962	809	775	601	959	605	195	504	782	28	783	85	860	230	443	812	157	735	870	142	246	619	342	727	60	164	206	735	154	787	741	962	649	918	124	589	554	340	990	655	838	609	751	315	936	812	613	996	253	796	323	907	516	739	615	536	740	643	420	199	498	339	984	383	810	729
879	400	173	268	763	507	159	780	772	583	507	418	214	551	700	263	201	945	337	22	228	810	811	30	387	576	236	340	54	51	980	416	263	438	432	891	535	604	721	994	910	97	369	885	354	507	283	706	907	411	878	120	487	411	771	985	550	479	292	705	680	701	691	955	111	470	457	421	196	159	837	688	412	199	237	954	873	551	967	260	110	606	14	299	934	426	561	815	773	607	434	474	559	435	218	704
765	749	875	959	493	74	557	282	22	904	951	143	494	964	623	7	933	737	579	818	57	265	595	904	594	635	7	903	414	879	407	290	878	821	257	615	284	114	110	121	867	564	621	428	734	606	604	444	988	994	679	566	287	483	816	544	621	853	817	758	893	22	363	67	216	588	771	703	427	414	518	701	610	193	173	81	667	49	864	61	451	153	214	471	44	707	141	447	72	293	467	84	220	338	547	597	934	256	845	421	66	665	285	105	305	8	269	314	925	880	146	449	844	512	85	12	764	440	623	401	979	77	310	498	924	714	585	328	909	387	81	130	758	795	673	976	269	781
120	973	409	836	157	670	123	34	222	530	824	979	280	192	495	430	790	694	89	754	468	689	769	522	657	724	371	949	368	395	167	166	907	288	591	226	666	170	52	835	21	212	220	538	32	289	584	159	872	887	803	215	146	58	834	553	752	569	786	161	185	640	520	319	632	774	169	710	145	966	407	914	911	469	406	171	634	251	442	337	241	250	213	95	344	183	199	654	101	574	360	728	811	142	932	703	496	574	860	149	380
954	320	469	31	528	811	39	325	216	771	735	819	225	449	986	101	259	652	444	988	872	632	717	555	402	647	154	260	161	929	742	38	109	846	385	231	355	36	852	433	245	492	595	583	710	367	492	459	544	525	323	281	289	387	442	188	612	995	441	49	662	956	701	148	839	900	51	110	943	785	282	425	259	62	478	627	458	827	58	272	263	448
66	515	482	738	957	990	768	891	676	523	469	531	756	446	358	37	834	235	204	725	939	409	445	451	360	298	71	584	636	257	947	840	840	162	799	434	689	502	215	436	397	10	790	984	132	305	66	815	743	546	270	299	41	22	914	37	81	975	546	83	711	248	562	939	961	880	56	914	82	400	272	505	655	278	724	509	9	218	807	481	417	468	571	611	462	162	549	864	758	592	329	711	295	84	402	5	632	726	73	878	513	449	545	91	177	203	622	897	664	585	14	610	58	276	607	703	287	332	900	838	455	964	97	645	280	470	323	899	131	370	252	768	671	507	655	783	895	852	522	410	812	978	771	873	747	138	878	570	448	909	657	342	947	367	898	615	202	873	948	96	73	515	176	381	880	6	559	263	656	182	579	207	359
753	388	778	163	685	42	978	948	795	425	204	423	454	210	976	424	116	548	952	449	719	286	170	350	1	356	887	441	624	682	14	75	909	213	772	777	557	248	473	712	83	795	655	477	467	885	919	38	324	937	482	747	737	866	797	832	483	638	133	52	515	518	995	238	695	702	195	892	162	950	469	41	175	765	457	920	773	884	528	305	684	591	390	993	731	595	255	308	5	130	283	844	735	825	136	596	615	262	604	320	636	959	274	368	687	291	136	340	810	62	709	272	119	210	570	516	415	407	759	910	759	681	142	181	265	249	841	556	768	933	639	249	359	414	713	625	93	104	266	11	142	486	662	827	300	790	643	336	675	630	726	440	132	481	347	213	55	68	132	683	640	718	659	497	127	475	820	788	277	50	648	315	850	127	189	876	435	252	306	356
633	465	927	429	81	105	203	340	202	83	857	135	839	901	343	548	241	448	303	539	527	919	284	936	533	664	354	160	879	591	50	905	763	518	621	982	819	708	605	958	643	4	664	548	506	683	966	5	755	45	825	404	27	485	422	117	298	914	343	128	113	757	464	682	677	195	934	495	684	490	366	624	894	314	572	972	458	778	756	411	585	237	791	353	339	33	690	793	909	718	807	361	88	568	869	139	118	96	508	944	441	641	813	662	562	852	797	544	406	333	466	269	958	566	505	942	514	341	189	91	380	313	214	480	686	641	617	659	415	153	856	522	314	13	302	517	294	745	541	910	989	405	832	694	489	247	800	215	603	613	36	966	84	832	375	510	284	536	965	432	356	4	312	284	129	787	482	232	760	240	583	514	996	618	688	113	668	31
158	416	388	145	39	216	740	247	656	121	567	917	569	909	896	625	506	252	534	832	30	419	221	259	32	191	964	939	493	134	798	776	91	745	506	28	575	54	250	828	115	779	813	603	824	966	162	579	123	724	811	621	88	766	214	367	950	165	675	271	397	253	364	970	546	101	696	747	924	406	168	696	240	933	53	881	264	956	854	141	835	3	218	943	363	732	525	256	989	173	527	681	180	410	214	133	412	824	617	978	408	53	465	783	664	59	20	704	971	232	589	498	142	770	417	761	258	799	329	51	240	698	904	199	686	292	872	645	632	358	417	684	906	233	593	798	2	108	753	436	298	488	473	920	389	361	166	760	976	235	881	71	247	183	618	270	133	911	140	722	819	100	635	911
