572	777	768	111	196	455	999	210	152	871	261	282	912	278
440	801	185	894	433	552	372	224	661	773	492	268	259	752	95	206	272	17	532	46	55	386	781	656	5	424	298	145	3	274	639	298	465	501	724	287	217	898	432	437	700	636	390	818	372	895	687	819	94	344	913	778	538	38	983	672	326	291	989	580	716	493	697	941	141	330	276	356	206	8	679	654	997	778	838	956	832	561	646	647	347	202	16	218	398	734	477	923	777	562	637	194	15	115	307	418	648	965	321	236	204	918	132	48	110	988	422	633	582	480	150	552	902	470	911	98	151	818	324	400	351	221	863	312	627	204	793	54	515	178	601	5	282	319	281	26	734	539	504	65	845	294	58	628	860	46	680	793	33	563	691	748	402	30	955	79	332	771	667	219	811	194	994	933	988
40	369	560	961	242	262	336	112	378	616	387	102	631	104	715	593	181	190	383	34	22	344	444	34	109	3	291	66	948	631	409	52	527	335	120	856	926	161	850	467	45	429	437	101	10	776	300	428	145	422	489	962	2
38	411	807	930	291	858	432	282	410	605	931	439	431	746	301	930	692	977	961	658	675	30	86	436	831	667	339	466	6	367	444	616	38	244	655	181	634	121	91	167	372	685	858	840	679	582	614	739	816	830	939	327	68	218	614	704	2	906	578	954	951	357	571	533	623	416	683	898	522	822	348	835	788	255	623	396	39	321	613	669	182	510	630	994	205	147	472	104	436	546	361	911	968	538	341	52	741	985	831	5	4	190	236	117	610	305	439	295	834	79	245	542	131	177	30	411	11	142	24	694	510	673	137	828	906	566	529	236	98	611	640	440	713	46	659	965	537	461	695	933	722	278	182	94	752	982	289	811	603	994	612	973	830
719	777	327	541	587	851	541	654	425	213	544	579	736	728	640	553	599	594	993	632	565	318	648	519	720	598	899	858	561	669	699	124	256	904	949	133	28	634	982	846	950	836	57	857	972	17	189	49	752	166	957	381	26	92	115	246	923	482	821	642	96	457	643	118	690	59	402	34	835	55	460	699	189	92	977	772	517	816	240	496	525	322	552	342	762	152	491	103	851	143	64	721	48	841	509	754	466	295	120	545	316	10	594	306	741	662	764	570	378	211	936	424	663	588	330	355	713	497	869	524	972	362	7	530	822	483	757	959	387	136	187	228	277	293	888	964	555	572	324	882	609	169	169	822	404	876	187	136	740	528	812	792	832	668	507	290	110	307	21	159	241	549	420	880	225	126	937	844	659	898	127	164	553	36	685	553	454	699	160	997	14	853	423	24
574	603	317	214	158	61	555	772	318	893	812	829	609	499	731	502	620	863	745	612	456	96	241	779	563	167	655	269	214	265	942	925	977	227	942	546	792	280	567	246	896	832	31	6	21	34	299	797	391	675	513	822	270	416	133	708	741	10	256	896	459	872	833	333	277	154	982	575	994	190	381	282	355	322	904	657	273	318	510	807	501
471	304	34	513	651	886	658	933	341	166	379	759	234	493	50	407	837	850	135	871	196
788	845	595	148	275	641	150	99	371	314	701	676	610	82	521	373	832	718	776	475	245	442	909	285	570	842	435	419	335	710	181	662	278	788	709	348	23	373	341	626	350	266	648	389	612	540	206	322	204	588	94	864	644	997	214	688	322	582	948	237	60	650	112	450	818	887	774	726	801	346	464	819	637	702	727	176	618	132	760	326	589	718	801	80	447	136	966	321	145	269	85	688	933	834	978	449	36	235	197	452	214	141	222	960	338	504	321	515	786	235	244	109	566	323	508	481	334	552	111	905	64	567	794	779	125	506	949	643	493	334	100	743	538	80	655	491	288	861	629	451	679	232	92	67	468	614	682	422	317	280	454	764	1	3	286	282	378	658	980	640	593	799	315
754	301	535	589	479	841	968	607	114	694	319	836	319	393	184
147	475	592	496	756	766	595	810	955	841	42	744	828	123	473	397	221	514	376	510	981	673	738	126	548	595	852	615	912	909	699	769	34	329	520	96
