673	39	5	236	571	987	926	398	594	760	858	542	70	747	116	238	124	741	319	950	111	820	692	491	329	498	484	831	467	498	604	66	144	162
238	812	690	853	642	470	169	287	691	843	280	225	209	857	288	810	169	667	186	758
499	756	243	645	964	464	827	503	429	192	191	987	673	602	904	32	217	289	380	277	539	684	691	917	644	422	152	462	551	362	825	654	438	281	391	84	128	27	404	629	383	452	584	557	125	58	927	206	378	275	148	62	456	431	587	217	913	578	950	852	887	478	676	791	175	790	515	320	453	55	166	234	95	443	450	872	447	848	360	219	365	56	456	18	170	299	582	172	756	111	390	595	469	556	545	721	243	647	590	910	965	915	174	626	491	907	870	868	465	776
627	916	675	740	674	616	298	752	149	836	455	913	550	922	642	792	397	520	464	860	361	110	73	316	70	463	822	953	652	919	932	715	536	244	683	929	959	15	800	845	765	535	231	102	551	341	340	551	96	248	321	314	716	784	733	419	702	424	387	221	301	503	472	952	340	802	766	722	900	846	292	334	454	351	875	228	153	382	64	93	439	840	405	770	749	264	600	734	452	729	208	178	915	509	615	192	28	955	817	673	150	522
604	80	287	391	243	122	464	53	662	34	403	454	202	967	221	891	867	875	136	264	394	808	333	544	922	59	626	756	22	558	596	584	467	482	190	32	439	120	632	600	507	724	775	516	387	57	202	675	890	74	176	894	352	913	79	288	59	980	859	669	954	242	319	402	98	986	930	906	272	520	343	320	648	836	107	886	38	85	587	208	387	783	898	78	488	934	99
696	637	84	955	32	498	66	24	974	570	135	981	632	625	336	762	728	990	425	673	799	255	806	701	416	844	759	385	547	268	623	818	889	970	102	40	184	490	971	999	367	335	896	934	632	755	124	662	930	27	77	573	395	367	740	897	284	356	292	847	241
805	57	370	300	880	840	297	644	886	12	599	871	700	832	949	757	527	950	336	169	645	974	742	738	853	422	978	364	807	595	410	586	705	427	774	69	610	172	282	777	326	740	599	827	677	782	888	51	78	524	190	474	78	40	512	289	119	352	689	635	813	330	598	924	161	351	696	970	859	62	936	873	972	526	603	521	496	678	664	837	736	165	629	423	228	707	988	484	614	118	186	848	840	252	733	585	836	65	909	901	808	390	15	76	980	171	274	339	876	630	402	984	923	487	344	952	197	965	459	275	670	817	396	365	387	579	571	145	637	380	322	658	661	478	122	814	532	394	632	244	403	510	145	690	738	227	777	496	260	840	892	779	661	544	797	876	755	93	392	425	144	732	530	929	719	254	324	341	990	385	818	964	276	818	597	428	477	830	357	230	124	904	178	50	961	284	208	763	152	307	896	936	915	870	407	6	483	694	760	66	288	488	503	372	731	192	298	608	557
76	877	336	725	836	297	559	290	147	128	319	769	521	647	706	206	26	92	94	121	562	461	472	332	872	957	449	365	43	962	972	953	301	41	347	599	959	0	302	156	222	717
672	951	139	770	60	922	838	325	351	2	901	139	770	624	633	276	4	714	283	137	714	957	228	899	437	225	533	430	140	916	143	251	239	314	194	761	828	420	747	720	223	356	276	760	560	14	525	433	618	456	501	228	384	881	181	333	881	193	788	570	529	689	702	442	590	268	285	575	929	960	39	168	765	312	483	578	495	336	383	744	974	13	751	421	888	447	459	495	94	962	450	311	413	590	619	747	164	745	398	829	989	756	485	140	895	331	119	604	717	304	954	838	419	860	412	379	919	884	962	100	196	322	23	749	637	296	13	168	535	415	757	814	378	238	331	196	267	656	792	714	820	977	170	251	713	472	896	994	840	989	607	668	62	723	351	172	849	279	197	889	526
422	859	932	890	192	230	404	348	866	815	173	768	218	933	23	90	190	959	846	726	557	320	854	481	703	340	363	145	229	995	50	213	935	190	998	583	705	1	724	779	972	903	726	395	761	763	331	575	123	801	42	635	536	500	76	956	403	794	346	648	582	342	290	995	976	283	352	788	122	318	263	328	221	105	534	735	818	439	721	642	376	557	841	117	566	253	665	128	113	321	613	722	446	501	582	218	698	911	973	988	935	298	798	578	24	359	722	875	689	350	927	940	99	590	525	888	949	954	773	230	898	328	993	0	829	199	261	220	157	584	429	1	436	740	374	19	720	797	958	547	666	317	310	207	532	132	224	733	941	127	103	395	802	994	900	370	469	223	401	387	917	648	688	225	590	503	721	587	577	643	929	935	28	418	841	301	247	331	576	658	433	745	912	90	965	439	370	70	993	964	399	467	518	211	186	453	584	230	229	930	632	20	210
