163	899	402	200	583	936	843	724	214	769	461	286	885	629	638	147	822	306	842	925	144	886	118	869	27	31	284	224	689	161	541	644	46	425	237	994	841	92	306	50	256	673	539	451	669	201	114	50	505	810	444	711	481	597	490	836	855	969	918	846	131	870	328	64	514	208	179	754	239	348	192	466	358	996	372	178	58	591	659	645	607	915	133	744	873	619	794	648	244	451	416	533	826	12	784	166	683	858	377	329	612	89	120	915	82	227	830	3	517	382	148	820	294	868	881	466	371	160	824	385	125	620	794	977	707	384	57	506	877	646	838	307	561	473	388	481	933	295	301	137	518	382	934	407	403	627	993	72	729	550	477	950	974	403	843	742	460	754	317	454	101	827	435	116	782	643	29	906	380	755	732	897	809	392
717	168	564	670	666	788	785	549	638	393	281	996	36	214	408	733
109	448	42	298	442	909	144	388	379	956	290	979	345	300	392	972	223	479	780	736	746	694	33	339	335	35	914	530	6	426	726	397	709	895	476	772	172	790	797	315	599	361	13	705	884	7	256	846	271	82	429	77	996	0	637	115	193	17	56	623	472	121	860	662	747	935	425	286	587	789	60	992	755	866	429	67	66	901	323	138	659	714	228	373	34	991	434	569	977	346	988	755	517	261	127	376	629	929	805	673	758	58	253	912	633	225	546	744	896	826	899	877	896	54	271	506	298	818	258	939	717	844	239	670	873	173	12	705	682	255	234	353	600	918	767	546	899
958	59	583	760	507	704	467	106	300	613	133	715	272	683	452	986	388	674	158	128	838	718	554	912	146	734	813	611	405	326	216	848	146	369	294	416	840	42	540	454	872	76	55	698	190	425	131	787	440	615	829	197	162	292	569	486	247	425	605	7	241	35	747	457	868	461	134	313	170	254	438	722	262	538	269	55	920	707	131	714	487	520	431	419	468	697	690	57	296	693	783	471	915	363	99	881	276	744	603	3	475	521	766	542	55	427	101	614	383	802	83	109	820	344	785	108	307	376	569	833	555	905	502	813	467	670	221	319	949	307	402	629	41	42	445	265	461	931	876	412	157	235	962	464	487	195	856	653	438	873	591	883	432	814	562	584	135	649	767	198	742	222	482	201	306	141	979	429	632	512	147	801	103	968	871	43	753	188	852	789	61	62	314	222	952	795	761	508	387	248
18	793	705	192	154	76	58	436	377	815	276	491	198	131	187	43	49	174	380	712	479	753	348	695	754	531	868	125	251	477	139	210	787	798	547	408	569	210	422	232	522	692	273	204	993
790	910	69	700	674	88	526	658	692	386	756	658	557	888	687	288	629	162	376	535	96	908	645	128	395	299	793	185	384	260	808	737	440	754	413	254	193	100	726	771	50	604	305	689	178	540	9	533	739	167	15	442	944	525	54	946	444	587	721	104	565	689	295	173	960	329	53	384	728	296	747	411	389	283	326	984	687	246	597	769	245	725	424	349	133	376	216	544	279	793	761	605
193	900	752	160	227	651	986	421	177	454	470	0	670	543	68	587	164	371	372	571	413	726	235	567	581	2	631
797	245	473	592	732	320	948	746	869	266	234	417	471	939	838	925	237	474	166	516	515	853	318	554	605	447	445	622	690	849	564	327	752	249	482	262	865	556	281	800	313	641	999	260	704	862	341	326	878	248	977	973	138	614	827	388	126	717	873	356	515	943	203	355	424	45	3	461	565	541	782	530	698	819	331	830	169	869	110	102	699	742	318	792	372	9	500	676	387	691	629	645	933	905	278	574	827	368	75	33	379	983	720	936	762	600	3	900	633	43
139	864	589	287	95	498	425	792	768	347	713	589	617	304	718	116	880	72	752	910	977	89	697	351	455	899	757	223	827	443	553	350	716	331	624	958	708	985	505	758	179	259	386	527	786	340	0	47	680	973	749	795	696	639	232	16	512	664	916	275	55	210	585
639	138	85	704	456	706	649	813	581	868	753	979	727	727	28	458	649	885	686	415	983	992	208	80	365	920	651	27	370	952	10	764	936	648	922	606	13	686	802	626	507	824	588	587	999	221	437	940	83	746	807	293	222	333	840	603	97	457	873	246	693	460	841	672	814	714	165	655	805	41	20	418	54	749	793	883	975	875	286	733	496	543	809	622	808	595	2	45	820	387	209	299	799	634	785	535	678	975	979	474	285	268	180	2	831	60	691	258	474	883	387	669	824	183	752	22	491	840	969	266	444	919	924
