523	768	880	149	290	825	832	443	805	151	86	258	50	146	759	332	4	551	314	710	255	31	967	977	360	173	766	48	578	738	866	951	509	901	251	865	564	387	557	585	251	852	656	580	144	881	86	293	440	26	453	121	72
338	297	993	509	992	641	774	297	452	8	38	498	118	62	9	231	810	283	593	426	964	563	983	482	213	154	975	542	428	291	695	51	778	467	345	698	630	19	701	841	608
19	230	865	824	394	872	205	89	769	130	740	711	615	694	827	701	85	668	145	167	861	639	503	329	371	732	627	577	564	744	882	111	361	553	806	370	795	939	522	838	698	768	305	990	774	494	596	514	345	11	54	874	348	502	543	881	56	522	364	684	452	316	63	690	382	853	874	349	34	189	765	177	591	387
733	949	597	35	473	987	107	717	395	216	459	685	468	860	210	412	430	956	594	754	737	41	879	883	496	192	749	658	360	319	320	254	458	348	718	559	547	613	348	245	831	336	687	90	122	792	775	893	200	537	654	886	133	618	271	853	52	736	47	33	917	574	220	616	7	140	221	345	58	785	915	68	798	744	377	550	662	260	995	556	693	842	751	530	579	698	362	135	52	210	834	200	789	44	207	438	563	961	251	61	843	526	219	916
657	545	431	673	933	220	234	803	439	236	339	860	286	513	534	13	826	351	441	496	575	218	259	77	672	935	63	594	121	604	160	299	321	39	128	928	723	292	662	396	57	755	202	445	766	257	677	122	767	784	90	523	156	365	20	457	950	758	668	586	249	572	413	896	835	169	239	808	37	92
602	296	712	43	124	60	419	743	641	354	434	351	215	801	244	455	896	170	285	153	530	440	751	464	636	481	744	462	377	940	472	359	607	605	684	302	54	576	314	587	429	266	575	507	554	8	150	62	519	807	836	480	651	390	593	422	590	5	379	540	499	554	669	11	281	693	737	609	799	57	10	493	263	255	719	930	310	866	512	617	122	135	608	533	363	141	733	546	456	428	861	260	514	481	849	753	778	860	62	666	659	546	953	56	703	134	457	358	613	804	967	827	617	77	238	552	526	104	454	262	931	436	527	363	59	453	371	605	274	188	495	596	797	6	933	240	227	639	815	614	272	489	665	656	866	866	938	234	743	416	365	706	329	691	75	690	599	970	295	560	436	239	391	0	847	153	279	1	838	246	761	811	871	283	742	679	119	154	834	355	26	164	465	925	810	395	219	526	460	734	965	479	123	779	417	251	476	211
193	510	806	194	225	719	323	569	865	491	675	470	119	879	130	150	410	954	490	600	213	184	390	58	77	139	773	320	627	946	181	528	506	742	168	535	695	317	699	614	383	883	496	661	245	488	263	225	332	418	630	817	248	60	565	481	356	643	686	717	562	702	690	69	210	133	688	233	632	737	112	578	822	242	633	48	958	93	629	189	661	884	998	561	13	242	414	162	405	615	506	734	125	327	967	248	603	246	664	996	76	303	421	421	470	56	716	15	243	152	422	547	621	200	358	11	959	369	381	670	164	924	780	273	446	857	862	506	670	67	82	540	722	603	744	252	140	490	410	534	144	519	10	403	326	111	303	712	398	284	659	174	736	932	394	774	556	485	819	826	766	357	482	325	120	806
181	536	673	663	117	660	177	309	973	967	546	412	961	204	891	319	79	361	691	133	797	188	255	608	723	950	883	63	357	291	432	965	824	809	872	741	610	831	730	12	657	168	277	470	912	672	247	735	16	522	98	54	318	785	104	706	110	337	265	854	917	799	84	360	432	215	87	346	276	116	779	336	990	376	300	835	451	480	94	830	778	548	344	162	606	284	36	922	146	555	272	893
632	292	810	889	733	754	908	666	568	607	224	220	534	465	573	291	157	146	15	311	600	69	601	380	447	533	720	845	662	442	888	83	69	304	153	590	553	306	166	20	248	236	278	839	918	867	81	269	85	783	819	529	47	776	495	143	937	992	474	622	816	940	479	810	872	224	194	175	190	692	2	866	689	32	313	12	964	126	162	713	150	995	845	416	832	672	293	333	478	789	691	128	368	893	538	833	116	652	105	918	524	781	346	438	63	125	172	775	406	413	349	502	376	889	59	531	16	373	387	301	854	838	828	467	126	355	585	749	575	790	210	829
334	144	196	376	461	917	652	686	983	396	984	704	757	603	951	788	739	435	914	83	442	959	212	784	672	195	289	474	380	188	838	233	114	979	577
