434	468	676	67	906	439	372	274	355	584	356	109	385	535	140	389	457	779	532	620	242	117	724	538	876	306	531	485
66	159	56	600	393	126	241	729	946	775	382	553	774	51	400	780	26	370	897	753	813	720	482	104	783	64	696	723	698	893	461	740	369	813	236	214	525	942	198	671	677	291	705	977	654	762	892	415	382	408	343	582	489	584	508	39	376	453	380	98	781	282	153	552	885	325	832	613	643	460	46	57	624	627	264	390	838	472	8	787	627	627	781	540	36	471	938	635	457	662	123	762	437	781	323	953	196	755	100	856	187	144	254	686	269	188	710	421	142	546	869	74	296	730	864	174	524	701	79	928	612	268	211	782	158	831	704	353	93	70	598	456	320	765	243	253	377	528	497	573	866	497	593	106	874	874	589	316	406	677	816	235	916	341	698	707	302	347	49	119	559	909	534	39	935	724	997	211	804	589	394	159	687	268	725	775	413	939	298	297	905	282	381	414	533	505	395
63	34	422	565	300	617	94	136	561	974	496	605	632	902	159	897	851	262	412	179	3	663	276	61	941	156	74	660	919	560	564	719	631	131	111	815	119	201	128	553	434	446	686	390	68	176	888	2	400	520	132	942	644	196	937	800	780	300	158	55	337	602	497	346	691	457	325	53	667	793	338	850	377	998	125	7	945	707	911	543	108	296	864	355	480	110	465	884	385	552	468	687	218	243	269	697	196	492	354	968	612	152	13	828	379	389	967	19	315	655	461	668	813	598	476	974	978	273	944	851	685	444	939	550	224	842
942	996	809	858	836	57	803	556	93	378	933	365	799	460	746	147	480	356	756	172	619	429	958	137	933	24	397	182	212	422	727	887	527	755	996	302	338	324	821	10	414	761	320	52	623	738	843	240	697	117	274	443	308	800	642	408	359	837	300	743	81	249	392	788	55	822	323	414	459	315	930	23	912	126	240	373
15	797	907	745	63	880	791	510	100	342	959
180	899	591	672	990	659	671	141	52	652	235	708	552	713	441	567	803	847	954	771	987	970	683	627	510	316	323	595	792	404	597	849	151
622	281	757	59	136	725	223	158	679	321	205	679	387	274	674	199	425	394	358	260	12	140	1	647	260	936	600	973	194	242	739	16	136	153	838	977	861	199	669	364	821	124	233	766	305	145	217	451	378	564	830	776	522	527	380	139	915	965	652	841	705	469	316	457	530	132	325	829	709	890	428	776	527	401	462	938	331	804	435	628	864	928	831	476	864	862	921	744	896	566	845	913	1	377	412	503	595	728	345	108	386	183	969	865	999	526	517	82	282	936	101	60	26	59	846	942	971	390	199	966	127	268	988	258	364	154	520	917	636	468	907	82
931	659	324	977	935	911	765	549	927	318	40	25	95	679	168	326	117	897	335	910	776	176	659	316	401	627	889	285	703	49	14	357	739	277	329	869	299	713	464	721	332	151	45	71	49	154	533	858	966	921	951	236	24	393	311	135
312	325	201	10	264	26	311	3	383	246	558	999	309	373	99	718	471	840	298	973	510	98	368	275	509
592	138	882	186	278	401	402	27	119	113	577	538	407	971	647	429	784	84	46	180	466	26	298	515	198	829	737	455	719	348	291	65	750	339	391	653	873	686	687	887	971	491	289	743	939	191	1	511	784	476	123	868	596	252	433	919	781	739	919	795	730	785	473	414	98	485	206	729	349	189	958	397	952	935	438	754	518	145	272	976	420	339	469	518	884	245	64	795	607	311	352	849	491	904	778	330	433	92	167	585	727	890	844	793	538	192	21	383	875	674	272	38	110	791	311	262	466	575
