473	578	252	394	492	77	362	92	536	159	841	587	237	446	129	451	790	362	352	675	387	533	23	172	902	971	611	477	549
525	742	882	567	324	361	285	565	305	205	6	143	861	762	570	803	826	917	219	454	715	547	992
931	424	844	288	966	684	163	481	202	907	512	538	113	605	868	721	744	284	74	929	80	253	654	80	621	173	991	248	249	739	656	66	918	800	401	869	874	105	284	580	356	275	867	629	616	743	36	627	815	181	774	694	740	627	293	113	609	586	332	203	71	142	902	235	274	491	34	124	582	739	733	560	356	33	605	74	294	659	54	476	750	759	894	785	892	665	203	112	387	627	430	930	490	123	2	984	336	567	893	632	923	526	244	284	896	582	760	960	981	388	882	702	209	54	809	788	911	808	106	98	805	396	319	132	31	545	131	388	626	229	33	806	983	295	814	230	776	950	967	733	849	880	821	375	589	328	35	622	749	717	296	629	550	391	445	62	207	390	461	528	997	256	759	818	311	324	789	179	911	376	174	804	272	813	391	576	744	355	179	814	531	19	237	247	624	554	107	566	281
746	926	602	27	891	447	839	630	951	267	241	561	323	767	972	265	888	395	690	572	413	433	355	542	684	367	780	885	200	318	745	66	982	358	287	683	62	825	336	228	872	84	922	277	611	825	770	982	699	7	71	255	398	841
119	146	103	644	766	843	248	68	645	113	932	887	704	627	910	490
855	760	316	251	905	460	2	449	381	247	99	654	868	815	143	140	813	310	398	565	929	639	838	56	348	734	340	949	375	45	807	148	661	402	514	413	361	884	772	687	90	880	321	138	37	977	246	227	646	825	890	691	802	246	464	714	902	124	843	25	695	878	185	138	396	643	865	238
971	975	813	741	314	536	352	321	438	392	111	668	238	333	447	154	914	839	748	269	493	68	10	242	207	279	417	880	494	195	461	205	143	123	869	84	769	19	852	608	212	224	639	824	94	492	785	644	448	850	19	376	619	174	774	595	724	405	979	538	185	988	75	275
682	56	209	711	637	421	346	90	701	380	245	609	113	423	622	740	839	22	771	0	205	166	248	717	762	600	759	67	666	797	582	155	956	874	182	960	679	912	668	899	415	953	332	966	59	171	112	464	842	910	957	694	667	680	138	422	210	304	940	639	202	53	675	561	681	472	256	960	283	748	287	372	658	230	624	917	90	438	31	0
515	299	828	474	490	378	628	618	498	384	523	463	254	612	769	775	180	284	185	371	642	573	648	957	357	774	770	392	633	861	493	354	966	86	386	826	429	297	473	724	815	664	684	684	796	499	239	117	773	655	630	681	376	393	266	44	175	451	271	179	101	572	107	606	527	663	30	548	941	382	510	388	248	732	489	58	16	471	534	563	167	423	967	197	11	146	532	908	54	892	934	333	999	878	705	246	603	603	394	566	533	363	338	521	808	914	523	250	231	852	100	429	201	369	752	779	598	226	783	338	935	560	288	633	964	717	505	669	314	215	876	986	539	108	776	164	398	370	598	467	713	787	342	122	520	638	938	165	454	747	984	128	888	933	11	350	989	876	852	640	304	700	193	88	773	184	429	641	168	702	130	572	562	412	434	197	692	231	646	858	857	508	172	823	486	301	543	453	239	482	935	337	40	190
622	819	725	666	680	508	306	136	568	597	576	825	74	687	474	726	683	450	32	860	283	884	118	385	586	67	790	585	369	858	848	311	934	720	36	523	957	132	511	808	229	467	667	729	744	513	861	512	717	912	731	917	16	908	879	81	714	575	312	619	909
