738	181	425	940	852	826	563	935	534	783	66	266	821	126	376	947	143	739	601	830	837	164	857	196	252	28	774	657	359	4	827	429	514	333	133	105	266	787	724	180	682	425	688	903	613	0	25	678	347	752	864	472	38	24	435	937	673	545	359	285	141	641	337	566	229	283	405	528	576	272	56	191	169	595	702	541	147	787	37	62	861	769	538	592	110	441	973	718	174	511	556	258	500	278	336	757	53	327	599	72	505	654	706	79	482	206	930	658	540	206	19	480	487	646	395	404	975	619	700	877	170	287	0	226	288	852	644	131	373	37	683	816	498	175	59	549	863	380	726	697	637	331	593	821	669	887
623	596	769	424	722	253	770	977	612	639	684	73	881	0	182	914	515	320	416	781	895	506	351	688	689	468	772	872	838	215	695	52	639	291	302	985	993	708	545	534	607	636	630	166
542	557	714	847	270	543	213	2	350	628	696	519	678	156	161	622	26	115	889	99	543	148	19	87	768	62	271	241	862	126	578	875	870	191	153	284	65	476	450	47	589	371	793	950	510	710	490	267	449	700	292	63	542	916	829	837	436	707	160	507	772	131	764	147	353	815	808	518	891	574	748	172	617	288
101	314	59	238	533	294	205	681	852	456	294	899	46	618	822	740	114	328	49	710	79	13	293	197	431	140	548	673	358	851	660	475	124	506	973	694	90	842	452	94	206	91	113	232	556	768	360
497	446	951	727	804	669	625	507	621	75	186	816	890	922	223	446	103	872	52	480	126	942	24	166	740	874	34	358	326	597	832	15	604	904	363	648	532	409	451	913	811	687	844	973	509	418	760	727	778	848	197	331	504	80	16	713	868	751	254	910	541	502	917	798	407	578	169	519	496	822	373	345	984	476	243	405	37	494	102	817	198	533	760	352	388	718	129	766	527	62	44	65	768	212	237	642	729	73	152	824	282	167	223	168	226	456	801	143	917	371	585	487	804	814	545	417	436	785	834	650	764	978	133	790	913	590	654	826	919	196	692	748	6	234	402	878	598	332	324	232	286	583	404	750	804	624	109	197	610	541	798	898	108	237	416	761	446	716	621	645	436	977	887	551	885	929	539	981	765	255	256
161	431	175	170	601	832	517	59	569	240	792	403	984	118	224	356	991	281	936	304	81	28	720	513	88	794	464	259	17	976	925	465	475	230	932	7	880	551	596	782	509	217	370	594	908	370	585	930	171	47	606	922	251	430	21	158	853	880	254	183	819	28	174	10	734	546	28	531	589	298	250	584	886	893	76	7	328	208	576	568	576	652	891	962	757	85	823	415	989	63	260	260	636	493	529	72	735	535	268	995	158	557	746	357	899	436	76	894	69	979	70	895	570	335	61	868	679	267	736	249	275	471	891	653	387	733	443	631	541	940	942	359	847	893	672	505	753	345	862	735	715	320
615	873	228	456	619	120	619	876	591	311	883	654	345	662	831	821	328	161	860	201	570	853	599	128	874	732	412	83	427	613	999	397	829	331	315	927	506	108	196	656	227	521	984	17	883	877	374	478	248	288	435	618	636	37	270	885	116	421	414	803	304	214	207	357	123	764	351	344	501	80	360	513	960	419	198	713	590	14	505	629	985	840	866	764	380	26	210	937	305	212	244	377	679	552	424	235	664	342	541	402	216	113	45	788	429	216	29	527	578
336	205	211	778	420	561	979	242	602	265	108	350	257	364	597	986	258	743	71	337	477	735	301	857	879	574	304	187	46	513	103	970	741	280	752	875	288	181	856	526	676	946	782	651	368	167	870	625	764	629	464	247	99	68	766	802	612	821	997	398	886	974	742	100	360	11	441	417	846	878	157	867	855	876	407	176	758	15	486	443	406	78	632	481	665	350	78	588	387	125	145	521	686	872	691	150	443	955	61	642	68	300	792	768	74	461	962	474	670	468	986	218	568	497	251	793	268	973	489	2	565	890	756	349	135	382	775	915	57	40	527	769	296	212	658	573	2	38	385	247	819	894	630
715	789	545	127	809	598	101	709	624	881	593	345	48	313	626	201	956	356	764	961	317	452	703	441	306	426	908	114	410	335	395	127	306	953	524	188	338	509	278	917	719	925	751	783	329	756	215	944	697	24	735	373	274	937	542	269	165	229	784	462	91	212	832	945	96	879	153	99	903	80	552	958	661	742	829	274	95	109	72	979	49	832	901	432	614	836	427	247	715	592	624	31	443	478	504	798	345	126	575	449	11	820	660	956	267	441	761	128	355	251	92	970	739	709	193	314	764	105	411	298	98	444	216	245	90	557	582	224	560	375	817	390	227	560	250	933	443	937	654	59	112	177	584	313	744	556	864	547	204	796	230	638	78	872	808	563	577	273	357	975	512	693	250	813
976	929	107	487	807	773	493	755	135	565	569	191	696	150	453	232	566	289	318	950	969	415	791	889	501	203	581	223	47	953	348	258	69	546	909	621	745	327	896	610	903	5	139	612	614	851	912	513	945	440	869	517	944	882	750	442	120	771	892	579	390	964	341	303	307	276	374	494	401	553	71	687	122	962	136	77	755	532	107	932	221	95	911	286	688	897	107	941	838	320	866	954	154	481	20	355	981	318	754	228	461	755	690	855	818	680	846	94	563	125	756
