76	99	760	393	186	154	31	449	189	266	485	60	312	969	159	244	640	811	63	301	532	94	284	426	945	231	644	341	173	332	293	810	384	739	915	60	315	805	831	615	913	908	974	76	42	312	664	595	813	291	577	788	701	461	545	72	18	477	250	164	805	273	793	65	895	12	646	316	335	513	994	527	377	309	525	134	534	799	167	796	206	56	824	468	706	418	785	339	335	712	62	627	165	745	791	600	839	855	377	282	417	999	24	219	985	210	570	988	833	536	604	774	638	100	822	169	228	444	832	798	582	457	714	656	485	35	643	809	168	110	430	402	747	556	395	564	43	169
942	743	546	143	318	9	492	233	476	166	425	929	998	911	676	334	900	424	99	627	204	495	834	225	419	358	703	615	81	818	749	777	756	313	870	459	412	622	843	131	355	962	406	86	560	471	927	871	370	769	110	896	350	606	512	332	710	475	41	527	416	714	80	714	197	481	739	912	261	545	768	19	719	13
571	447	787	921	256	258	22	284	762	21	222	217	697	255	513	234	105	866	36	841	903	506	925	221	452	798	308	233	665	319	983	656	961	575	296	431	53	803	917	119	185	873
678	172	558	803	812	897	350	717	924	473	960	491	974	837	369	721	954	401	641	133	656	715	599	684	434	739	606	577	464	710	745	21	243	17	746	449	316	540	520	747	113	649	397	317	295	389	429	686	83	709	529	625	519	962	853	70	266	793	904	32	700	380	76	911	418	600	770	45	210	981	861	433	246	588	59	49	666	6	434	98	591	425	249	710	781
47	105	828	759	371	981	654	768	885	104
502	170	982	957	661	271	440	341	275	517	649	76	529	723	876	857	414	646	674	460	399	64	431	320	899	114	214	891	578	165	997	677	925	602	858	626	38	447	453	172	315	932	720	872	860	110	564	420	658	185	837	104	574	590	514	275	784	655
197	575	345	189	122	346	533	246	235	633	434	796	627	333	706	360	687	388	360	714	19	640	564	785	758	1	106	941	330	910	380	793	235	667	379	376	456	799	693	847	905	788	10	590	908	475	941	722	904	946	776	442	186	675	697	255	382	489	377	655	818	172	411	609	161	719	797	628	951	158	480	812	360	387	588	606	575	744	701	35	632	183	213	656	874	919	574	154	60	850	291	285	684	191	576	162	764	328	34	921	575	816	661	227	530	624	960	558	918	78	838	808	112	842	262	61	933	568
816	109	662	362	369	345	193	745	728	840	645	535	562	793	192	277	155	114	753	805	271	122	549	507	256
61	385	812	622	710	905	506	583	577	226	484	124	561	3	388	591	44	26	616	777	478	667	476	78	411	253	698	368	581	675	708	980	543	268	470	859	788	424	739	231	226	979	550	648	484	251	184	271	976	584	549	62	587	475	335	984	733	850	868	253	947	193	175	731	857	323	56	750	699	296	53	139	12	453	544	866	541	389	127	968	540	958	550	443	593	639	816	533	312	687	45	433	81	25	85	997	927	886	357	731	528	464	552	286	119	986	477	310	398	263	199	447	428	846	23	244
843	646	272	231	489	655	824	454	523	314	658	664	803	401	752	606	355	77	73	528	523	901	493	986	969	579	430	226	882	463	130	908	554	586	594	801	115	924	693	127	800	210	564	596	442	679	339	695	719	230	446	54	909	757	184	778	508	82	360	622	662	448	855	264	982	2	804	691	793	437	183	881	747	958	745	434	519	920	321	16	841	916	527	53	58	750	452	514	442	410	741	312	959	193	256	491	185	96	163	560	245	756	770	905	445	464	622	297	996	779	172	765	767	210	907	389	974	17	437	29	549	465	687	107	567	393	956	394	478	662	589	577	303	788	536	86	1	945	530	992	730	339	610	232	665	504	102	971	313	322	605	520	21	243	737	714	96	217	659	321	739	538	563	469	219	495	499	204	378	488	416	742
