537	157	516	510	812	791	847	624	736	410	822	85	824	726	174	339	209	621	68	87	230	470	770	256	89	205	93	789	259	556	564	510	924	531	950	903	425	678	331	45	868	387	948	960	521	493	967	371	912	694	325	852	302	139	303	358	313	853	329	841	544	659	904	771	703	292	236	614	725	680	733	163	2	257	278	116	475	431	257	85	681	945	472	414	485	736	97	566	701	1	118	920	56	248	875	87	431	82	607	321	568	174	881	677	555	914	430	761	21	429	57	16	763	577	972	789	985	242	190	890	355	475	75	321	131	585	545	101	864	768	922	542	856	328	514	173	466	507	627	760	203	381	780	511	98	882	157	839	687	670	351	372	651	114	461	210	641	1	50	345	810	220	480	684	91	416	719	155	314	983	811	894	26	229	854	609	447	583	574	781	165	118	748	778	749	262	842	936
462	657	482	288	527	789	827	182	326	480
408	842	418	919	545	100	426	512	650	176	892	490	0	428	65	274	961	40	684	0	662	565	577	739	916	672	400	867	709	741	204	488	889	158	281	355	453	773	983	679	217	358	711	31	870	363	148	751	901	925	711	447	523	885	811	372	184	920	201	871	60	252	630	749	220	290	583	302	597	495	249	670	431	788	920	246	364	645	325	70	997	10	255	716	628	737	6	538	184	244	824	947	700	200	296	16	864	264	866	566	824	885	738	260	348	677	17	347	720	859	136	888
849	145	409	499	790	852	179	488	528	321	846	334	977	521	32	122	461	148	93	332	947	130	942	699	196	431	798	399	19	184	824	100	663	72	911	951	967	113	981	264	947	802	602	400	373	20	902	115	288	454	814	636	208	283	605	133	9	907	835	292	68	716	363	972	387	932	372	451	499	35	574	973	3	653	473	884	74	680	980	17	350	609	455	718	337	854	958	883	681	798	236	412	228	282	918	919	991	747	170	867	427	96	425	500	105	352	60	122	395	725	850	435	752	92	352	255	342	488	821	65	23	550	711	116	783	930	337	63	939	425	344	644	766	929	519	624	833	150	119	756	418	865	794	181	867	444	715	25	381	204	868	179	328	501	195	902	499	592	185	239	15	525	55	252	878	368	931	348	32	691	995	721	500	945	636	581	926	356	502	323
204	849	401	127	736	799	431	111	917	264	352	583	206	533	667	796	984	270	817	140	993	584	357	753	856	887	394	195	732	932	435	514	735	603	126	276	648	807	521	349	203	980	984	717	609	550	272	520	634	361	751	585	380	874	440	264	877	286	283	779	180	681	163	819	822	336	902	975	939	453	308	287	837	46	950	91	722	633	889	219	969	811	326	55	536	832	36	762	280	340	68	399	320	0	706	380	964	320	468	138	146	668	493	540	449	406	868	208	537	724	270	294	581	493	625
665	138	49	488	735	545	326	403	676	512	449	241	961	837	924	968	827	425	861	501	842	109	703	201	891	347	234	850	931	959	357	297	788
806	95	634	86	860	141	699	746	721	630	814	961	136	172	378	880	741	45	102	127	64	783	616	943	925	250	933	115	958	947	466	447	162	794	214	307	608	815	339	678	786	791	721	888	30	594	547	124	827	920	358	789	828	549	800	728	246	61	142	947	855	933	633	246	691	80	994	563	218	784	860	330	292	484	332	659	525	590	225	173	536	474	751	420	382	582	739	802	923	498	47	435	181
249	43	48	994	298	415	841	437	619	971	232	250	935	92	213	411	309	167	682	838	790	568	985	776	1	514	556	537	230	282	293	471	281	990	707	949	776	249	8	36	317	188	388	880	118	216	711	920	209	704	476	113	446	376	4	363	814	691	185	250	283	665	965	748	419	831	711	217	140	277	631	991	864	701	645	996	832	605	54	40	590	905	970	268	212	950	381	290	321	732	178	321	985	12	497	447	519	538	915	443	400	123	342
668	514	344	642	182	763	507	5	926	790	444	461	787	279	885	168	80	348	232	114	557	663	986	489	230	722	97	764	433	83	879	908	799	210	432	316	940	492	794	565	70	556	363	299	388	547	323	95	700	923	666	957	320	334	569	449	600	526	474	530	462	207	122	56	134	38	909	756	65	745	292	584	14	672	580	761	828	339	366	307	416	902	168	324	137	62	279	720	587	421	931	547	493	849	110	494	416	310	573	346	697	6	333	569	717	261	48	748	45	181	303	743	369	857	188	893	77	273
875	747	511	102	880	998	425	138	959	621	38	811	733	925	155	636	471	45	720	828	48	228	569	256	542	890	125	441	962	652	507	48	29	729	924	351	302	616	60	763	576	756	785	719	263	923	480	967	446	887	267	94	824	55	799	130	675	977	537	702	942	383	572	298	636	492	793	938	898	390	80	507	563	731	432	60	644	905	505	976	889	168	394	451	906	142	96	28	583	936	703	46	579	935	116	884	696	971	657	483	400	797	51	622	249	447	162	199	399	983	287	766	72	795	894	663	149	513	141	398	52	916	78	105	810	17	512	942	205	830	291	697	542	20	98	897	505	861	204	552	496	883	401	649	194	726	989	982
