308	256	821	989	440	788	935	142	644	681	19	763	511	126	325	145	831	240	390	906	408	183	54	716	700	750	960	719	60	492	0	577	252	89	612	24	354	881	540	678	735	964	120	74	511	767	798	572	990	213	560	28	122	750	102	200	908	91	660	784	783	314	448	625	984	432	834	464	424	404	388
979	967	370	707	785	770	469	579	816	898	275	666	57	166	540	71	498	331	199	551	408	851	672	206	56	990	572	463	573	836	76	671	255	942	8	860	51	956	616	289	538	616	752	34	71	984	990	68	116	795	579	777	681	433	420	98	688	64	583	584	140	347	705	304	172	879	924	747	818	129	723	748	123	570	869	408	308	839	320	459	783	692	755	73	396	248	715	798	55	474	421	254	866	109	233	861	912	252	527
207	706	525	254	302	94	898	128	316	564	113	915	378	992	132	128	70	388	857	123	674	833	481	747	585	54	702	886	988	541	56	28
945	371	121	942	684	457	817	940	627	818	373	808	448	153	534	386	262	540	189	130	522	685	208	866	158	553	84	380	593	29	980	354	941	498	808	961	478	736	403	636	492	654	263	88	904	390	374	479	350	513	540	826	675	345	747	909	508	606	349	100	41	454	515	565	265	651	217	667	569	554	455	667	271	949	130	57	284	340	662	434	727	575	961	856	597	526	564	228	204	241	930	531	657	629	154	443	11	915	191	442	974	354	820	860	299	840	829	207	543	482	761	983	413	367	581
726	196	933	653	544	645	88	880	100	858	448	474	536	503	728	788	60	826	430	921	581	843	767	125	396	484	595	669	247	605	941	72	250	124	233	917	337	221	418	395	114	290	766	840	414	687	999	68	20	267	804	848	878	638	242	372	655	17	219	157	710	897	814	8	726	971	781	520	328	922	799	686	133	574	192	6	968	425	410	435	129	920	377	354	782	676	934	364
456	735	255	162	394	767	831	369	304	865	60
938	767	143	684	185	737	64	609	375	580	507	664	805	613	779	44	478	0	563	794	514	941	556	192	651	236	188	233	34	124	677	986	510	196	557	845	379	616	434	620	391	43	749	882	760	86	910	98	93	889	922	696	777	693	633	524	864	618	935	910	113	185	357	187	57	311	799	278	101	298	652	200	453	884	35	243	875	18	706	23	92	707	233	112	803	758	275	44	232	410	172	800	518	353	158	758	653	442	550	700	580	22	473	668	803	810	398	258	739	197	782	431	344	195	351	604	216	501	888	676	307	809	299	22	936	60	695	771	795	628	739	428	729	831	223	906	547	276	150	99	699	703	703	881	287	436	1	939	837
489	385	903	207	67	988	371	774	786	938	425	46	45	416	386	660	981	522	24	480	191	305	506	828	20	471	262	116	729	132	689	630	126	609	663	346	703	288	621	885	619	638	669	591	736	53	929	687	181	296	71	353	413	710	685	628	843	767	279
410	758	194	601	933	865	295	329	973	3	700	132	418	553	613	805	9	54	280	93	337	69	742	203	798
81	479	768	963	409	41	458	538	207	780	190	570	981	453	172	33	993	382	391	178	432	322	968	295	429	47	369	555	770	101	66	767	374	442	638	156	132	661	158	370	270	700	959	988	931	261	325	938	286	144	36	764	216	581	351	896	772	94	397	892	288	749	89	704	709	947	882	739	684	28	671	123	391	484	789	867	529	219	445	488	302	652	993	902	231	227	90	359	275	596	271	853	119	686	484	863	546	247	546	751
