733	941	265	887	489	469	394	515	273	997	115	622	433	471	846	728	596	388	101	637	822	419	70	737	561	902	211	749	444	899	145	237	161	976	989	180	312	581	203	923	592	177	853	828	960	213	51	456	499	259	949	625	713	649	513	411	946	991	201	710	618	263	838	601	973	575	169	220	658	811	734	95	32	500	414	902	727	499	387	128	14	426	557	818	367	248	315	219	569	672	635	596	804	704	809	486	877	37	874	482	941	769	846	510	55	3	579	724	268	270	867	178	963	106	203	278	446	360	562	76	759	217	518	264	872	151	505	932	899	266	274	448	720	218	780	551	780	824	680	898	114	287	23	27	949	977	864	351	139	969	638	83	828	384	618	929	842	199	609	480	929	783	527	730	387	236	416	630
571	544	739	596	393	300	829	339	968	72	638	234	569	413	665	859	942	78	436	771	49	417	448	468	113	101	487	506	943	870	868	544	242	82	473	411	629	433	246	133	481	374	742	988	79	752	300	953	837	613	988	312	99	846	961	525	198	490	787	456	454	578	930	880	797	948	283	494	640	536	14	801	57	940	709	31	824	233	579	981	315	869	452	69	667	453	116	718	594	391	77	335	420	133	944	275	730	160	897	361	97	388	628	317	824	746	837	492	276	647	751	321	910	889	608	589	762	135	671	85	898	372	391	754	854	215	49	796	740	922	750	487	935	379	222	812	350	794	539
253	619	273	901	986	992	257	112	765	815	405	62	800	838	716	435	787	548	170	156	648	750	65	293	909
276	541	581	260	814	351	433	438	391	890	0	17	683	897	17	414	915	469	24	263	983	345	600	791	355	149	295	707	912	257	535	804	952	787	49	498	106	446	870	569	596	741	867	406	414	29	890	815	450	190	642	761	618	957	265	754	355	682	663	58	756	412	82	864	327	654	594	852	347	142	521	92	549	217	832	394	148	429	992	898	842	342	403	5	266	108	75	220	902	534	381	944	318	839	147	649
120	151	713	240	459	99	548	784	977	630	102	336	809	117	758	398	615	805	365	785	740	249	981	44	643	755	941	305	41	540	539	545	256	468	410	918	413	135	393	910	144	662	74	886	256	574	71	22	290	516	237	284	573	455	834	72	121	518	140	381	285	853	890	287	426	478	294	380	861	785	327	230	430	481	522	167	593	136	81	498	624	111	831	746	844	553	60	815	548	563	285	439
936	121	482	713	351	227	420	653	207	546	469	346	123	733	513	225	706	190	575	181	852	335	250	383	541	402	92	809	848	538	407	377	41	562	488	119	603	687	122	457	319	443	449	604	149	473	913	908	587	197	637	395	642	908	206	391	746	305	855	625	889	839	122	723	543	57	978	17	345	119	704	918	73	436	57	496	471	858	36	106	807	507	257	406	355	460	686	8	707	578	39	995	382	559	898	720	573	552	621	164	785	643	897	353	52	663	612	531	749	977	498	606	460	33	411	979	555	250	416	775	922	661	129	204	479	458	597	608	705	791	232	528	41	101	737	111	492	127	559	378	695	213	704	673	982	38	182	581	386	826	101	603	363	540	584
41	605	834	272	159	136	208	740	840	73	400	67	952	431	16	952	954	584	237	199	637	380	526	412	575	323	712	626	856	649	413	399	44	959	738	507	486	683	449	81	775	933	920	805	558	802	980	273	995	17	771	614	689	110	351	209	218	68	87	418	12	401	697	821	556	245	390	990	190	209	787	141	246	401	802	297	710	998	219	603	132	108	240	160	712	377	188	780	950	871	919	644	972	923	874	119	990	344	439	112	973	954	525	266	382	782	141	552	667	11	527	322	509	11	442	218	878	924	917	803	216	478	494	963	142	276	84	961	883	422	502	407	170	925	348	479	694	300	809	527	67	219	949	850	120	583	720	370	396	375	534	649	249	109	85	59	456	899	21	382	140	799	777	34	363	710	788	432	654	221	280	288	895	635	839	814	724	857	122	164	914	805	883	859	910	661	501	308	703	251	139	22	137	995
911	167	463	567	105	200	327	319	892	618	986	905	495	826	578	141	189	407	660	202	459	567	462	670	505	327	750	980	715	300	871	971	727	35	897	482	285	76	517	392	340	916	955	338	816	811	500	698	766	681	435	831	428	410	204	335	576	179	45	713	290	638	137	827	549	615	906	125	374	888	155	888	193	911	801	893	152	986	510	283	301	995	814	127	376	315	495	102	613	764	360	816	815	541	43	8	536	623	135	274	591
167	528	879	957	20	263	912	482	347	886	809	297	993	675	638	241	794	196	728	361	684	545	171	602	428	947	728	47	674	896	49	93	599	145	559	259	978	958	432	21	706	439	790	601	208	448	924	826	50	22	206	592	67	905	605	835	778	592	869	573	748	181	833	262	313	450	344	663	326	111	683	357	283	320	987	164	824	173	581	573	35	394	778	903	385	811	127	229	60	808	995	600	247	713	993	5	205	490	932	980	52	979	933	806	306	983	584	385	786	159	607	853	245	842	758	508	464	548	913	96	948	55	409	266	512	541	175	931	912	237	69	703	639	705	994	683	774	457	80	247	855	40	184
48	63	60	580	669	531	360	962	915	418	148	982	99	381	79	165	275	246	221	0	781	628	869	800	147	410	741	596	931	404	12	648	474	964	423	289	389	48	973	299	217	239	748	492	666	744	414	20	612	539	259	534	824	734	995	144	227	831	470	314	63	134	776	226	988	484	451	310	508	384	80	750	998	429	309	350	701	431	661	591	575	779	273	171	19	145
