823	595	381	743	98	174	663	121	817	35	978	135	971	530	739	941	691	512	470	624	989	95	215	687	355	34	232	45	576	235	497	971	324	751	685	57	476	808	210	258	767	120	590	223	931	415	824	464	346	512	35	497	340	8	694	19	44	67	618	351	144	181	875	342	858	192	244	867	815	62	230	47	952	101	957	908	775	714
411	778	470	846	245	854	5	94	133	964	408	43	869	441	255	898	495	443	172	650	766	203	457	580	823	953	816	818	501	239	961	34	943	622	966	687	753	22	703	815	230	362	604	889	996	436	647	171	130	635	925	145	659	715	955	951	542	770	700	404	589	58	379	19	512	185	912	624	882	687	4	71	922	418	933	868	193	376	23	677	524	865	138	113	22	822	667	731	81	57	772	803	191	662	583	552	87	224	866	748	811	583	620	993	607	340	417	270	306	626	632	477	598	302	464	348	624	797	713	729	609	457	407	729	286	582	568	250	519	67	567	635	10	215	583	594	380
816	966	345	698	669	114	197	60	721	234	873	228	849	42	640	423	522	218	922	318	197	458	531	428	667	214	35	138	309	362	604	745	154	286	525	180	963	500	384	568	141	476	522	157	884	760	202	964	78	946	531	900	565	513	620	33	394	266	15	15	550	607	406	911	171	563	489	365	905	594	628	501	882	452	26	370	38	66	937	240	780	775	563	576	207	843	561	152	91	821	443	594	52	411	939	530	267	637	560	37	940
878	614	798	611	184	398	660	201	851	438	24	648	686	997	285	522	424	689	506	238	220	8	62	888	860	170	790	760	296	469	80	849	18	430	470	715	214	753	47	121	931	765	971	146	420	817	624	138	877	770	396	458	308	564	580	803	200	157	515	366	168	539	181	578	978	95	950	746	336	247	979	776	992	482	96	579	641	258	672	151	635	190	99	806
894	458	33	963	163	998	197	981	476	829	279	761	990	67	173	570	399	843	836	859	749	296	566	753	734	517	726	729	118	224	245	639	237	700	910	639	667	964	71	531	547	448	953	921	6	122	291	124	494	430	416	354	604	754	765	814	70	10	167	244	345	654	929	266	987	585	948	413	770	474	521	556	42	708	964	338	123	944	763	836	895	374	956	964	560	795	596	636	658	728	149	569	820	673	930	463	270	300	287	361	296	925	335	367	62	941	705	309	673	122	665	903	663	338	437	281	907	987	510	402	421	360	798	64	496	513	90	63	366	421	903	168	839	913	127	741	522	833	735	456	234	998	301	449	343	289	51	682	233	727	183	128	171	239	830	579	910	726	651	872	577
347	788	801	504	290	332	398	92	459	64	895	619	344	550	8	817	708	178	971	221	683	95	364	941	80	874	472	576	334	282	465	421	946	668	710	671	611	936	679	712	198	505	664	413	110	33	103	897	353	549	618	406	284	138	108	132	358	571	928	249	422	932	767	282	211	129	803	12	937	847	456	788	835	747	675	643	109	195	252	81	706	110	739	271	65	106	326	555	759	869	587	549	317	843	766	702	858	691	881	844	366	534	991	612	857	895	710	430	753	461	852	737	478	301	401	470	135	325	892	288	624	360	747	263	104	332	828	797	474	650	570	36	726	103	284	763	487	898	295	385	217	348	653	750	542	18	788	334	164	793	526	903	0	321	514	836	790	771	405	166	649	760	884	784	791	360	82	711	484	287	66	52	461	529	388	131	146	687	247	529	929	70	189	854	724	983	928	840	834	133	274	655	278	792	643	642	463	692	605	149	214	201	451	807
802	66	604	195	777	330	96	249	362	281	372	696
849	942	956	97	99	862	555	661	311	22	142	682	211	378	836	884	775	739	928	579	969	911	976	504	52	203	75	782	179	378	672	435	240	96	633	732	540	806	283	205	682	461	827	244	963	115	149	327	881	269	635	948	747	280	307	771	489	637	960	765	924	863	281	698	564	984	379	466	258	205	769	384	570	68	339	624	831	325	889	856	301	927	693	761	857	172	282	924	711	759	566	965	867	822	891	247	585	810	303	60	812	605	989	490	883	665	963	687	978	274	435	385	797	713	247	241	130	239	83	485	842	462	295	719	153	563	192	561	777	877	494	965	358	394	138	67	95	401	630	977	27	912	582	723	478	316	401	363	764	149	4	347	879	91	256	63	797	461	501	120	73	792	628	588	666	106	649	573	941	142	925	314	863	671	364	424	705	310	563	659	489	719	605	854	44	429	826	650	345	53	573	516	685	215	62	149	736	390	577	219	18	772	963	738	927	621
164	351	219	567	379	295	973	216	126	686	395	285	344	801	668	103	334	329	72	927	491	385	937	866	628	493	96	541	123	55	306	381	632	80	453	425	37	975	280	645	880	20	737	706	312	149	897	305	346	164	875	14	698	883	829	252	742	314	68	992	420	287	240	739	82	147	85	210	409	850	428	226	405	318	253	213	717	52	676	48	31	474	9	392	636	338	555	365	737	33	216	221	909	974	628	523	153	194	86	483	950	724	132	933	134	270	677	896	603	639	517	297	841	435	377	740	72	805	453	711	48	976	410	620	361	260	588	387	650	758	412	13	22	81	501	273	715	442	534	895	680
278	198	501	580	721	6	513	385	319	6	453	33	139	931	821	745	531	536	70	38	162	186	655	319	662	782	346	187	944	926	435	926	783	541	861	724	453	561	334	180	572	293	76	931	680	806	396	350	528	312	788	890	103	945	288	456	151	193	358	239	674	578	798	92	469	670	222	999	45	993	861	149	418	36	971	188	741	825	164	409	788	361	664	630	138	724	996	193	834	370	418	742	341	206	190	495	564	118	300	660	960	584	956	703	669	429	265	12	47	725	18	988	995
