13	153	939	797	680	160	701	679	661	964	84	311	901	983	962	41	707	654	236	422	809	510	429	491	832	113	63	789	310	979	697	742	756	79	826	399	965	482	615	468	912	4	208	139	258	885	525	350	697	194	77	860	980	790	833	685	124	941	585	461	730	45	571	136	586	377	542	978	439	859	811	464	187	492	660	364	74	39	690	848	624	162	121	993	82	281	45	626	243	752	844	500	425	502	552	657	958	343	786	801	232	991	278	917	544	586	309	577	97	765	177	439	606	731	155	450	989	966	454	337
440	231	390	120	46	778	266	757	718	13	858
677	385	156	826	835	29	160	331	168	344	407	223	306	834	185	170	131	863	619	702	327	717	480	782	744	514	205	811	414	541	118	981	837	937	8	752	657	555	158	753	713	671	463	730	109	773	771	192	877	637	32	476	152	514	974	87	486	602	379	830	422	495	853	10	189	902	966	227	708	422	477	993	955	708	323	123	859	932	398	573	535	843	828	403	654	332	300	567	966	808	959	254	802	675	821	868	802	234	884	239	632	9	805	905	398	134	83	914	107	151	47	615	615	353	497	720	895	806	256	113	245	884	307	467	723	655	344	43	507	376	661	425	237	469	389	662	880	648	695	527	324	796	595	551	457	76	187	760	390	452	403	530	81	311	177	49	672	817	683	964
122	688	802	410	297	11	523	341	427	339	290	483	226	109	114	437	950	798	288	853	355	894	710	153	991	786	114	703	889	536	480	344	543	378	549	371	841	822	716	235	866	625	547	438	553	273	297	485	788	732
144	908	494	660	648	296	628	992	354	444	185	985	838	577	329	894	70	125	650	518	921	426	955	912	536	701	361	196	399	639	535	88	654	280	326	471	780	886	140	524	423	233	232	533	601	891	552	692	889	553	917	734	101	352	309	383	616	634	181	180	176	457	561	238	796	503	362	673	239	249	568	886	873	479
850	617	752	679	947	437	24	104	161	217	918	42	774	366	548	386	995	605	135	339	215	923	900	585	247	307	81	376	883
114	40	307	134	103	63	566	600	52	541	62	701	823	616	627	167	984	462	207	859	362	618	428	210	174	243	354	276	237	488	94	726	769	280	535
939	311	620	238	666	377	692	356	719	376	589	469	396	296	930	864	274	544	743	750	427	721	78	464	811	906	477	748	924	378	785	686	392	541	687	625	999	769	186	837	766	397	391	211	733	400	519	928	116	323	111	66	322	916	270	582	400	318	560	253	935	994	975	499	88	670	409	939	867	625	43	897	644	495	654	160	834	788	199	453	330	426	338	906	567	551	95	823	952	278	981	197	338	676	497	395	836	381	429	272	260	299	665	181	423	573	294	43	454	256	173	474	278	843	899	663	726	750
385	779	544	264	567	316	731	550	891	806	886	724	754	164	604	351	805	142	838	270	250	971	840	169	665	978	760	267	502	211	684	885	24	69	106	489	371	589	603	851	860	134	989	469	241	201	956	90	307	316	660	488	24	377	962	780	719	59
590	482	627	699	51	996	488	353	865	143	598	934	385	503	253	413	818	50	23	431	803	671	653	857	938	146	688	546	15	465	901	162	62	773	605	136	751	859	361	731	996	985	46	913	933	49	644	293	563	543	885	318	625	483	328	627	828	642	350	723	862	925	356	517	228	395	153	762	589	274	149	723	688
