673	99	769	521	731	753	419	767	324	667	327	307	21	99	307	546	303	417	19	295	988	833	67	122	80	76	927	352	841	184	399	220	301	855	913	742	215	743	248	739	287	323	755	931	663	126	994	826	971	333	42	565	328	6	538	500	426	170	222	446	617	389	448	765	720	382	556	512	943	375	472	989	416	944	768	811	902	886	937	133	408	992	496	577	541	907	799	200	578	957	545	571	948	303	573	301	24	454	216	24	944	857	789	409	334	67	83	596	419	723	611	853	679	2	364	521	399	882	314	240	996	949	217	4	116	529	278	71	766	111	290	460	142	451	810	513	865	445	571	139	932	303	828	278	415	994	151	755	812	557	136	473	625	140	5	375	17	220	224	126	725	240	783	399	776	323	349	262	990	471	827	842	692	818	803	492	903	998	63	663	246	862	272	415	861	606	489	350	904	78	942	290	124	304	487	376	281	832	987	203	600	634	64	187	738	783	534
236	741	905	688	806	512	517	71	780	678	289	438	796	928	628	660	551	682	392	332	898	359	913	346	485	349	82	626	192	291	240	901	647	126	203	531	460	567	824	264	23	783	119	190	21	873	144	194	509	545	544	818	590	576	867	507	259	395	977	128	781
343	136	772	753	439	576	797	389	133	319	340	656	320	603	308	300	675	334	884	282	822	17	658	298	330	903	323	960	478	790	184	988	961	235	49	508	921	197	742	564	242	421	983	845	844	851	914	431	343	591	190	707	222	449	80	529	114	347	407	917	380	679	799	922	675	684	456	757	631	567	563	974	940	793	267	551	966	597	403	777	509	572	961	586	911	124	881	131	293	74	399	846	165	89	599	943	441	417	218	534	540	496	136	335	528	706	206	370	11	516	420	79	552	77	365	415	791	415	349	413	463	439	807	744	516	723	48	446	864	772	976	369	71	448	294	809	58	629	559	22	381	660	627	885	914	676	264	282	340	821	986	630	809	389	866	788	199	965	442	63	710	981	735	444	766	597	825
155	328	501	889	999	410	665	268	278	72	658	42	55	935	67	677	416	962	690	430	761	148	976	638	348	59	646	107	383	793	972	346	387	666	798	747	987	348	737	284	18	824	246	834	363	142	827	994	856	78	899	724	750	198	291	860	943	168	925	381	113	65	91	13	845	4	161	637	92	828	659	349	343	255	68	101	741	512	58	421	281	837	810	98	646	893	870	173	144	788	960	232	446	985	925	638	822	837	6	932	569	622	835	552	241	831	182	671	287	465	688	974	248	329	507	389	654	49	732	657	464	5	765	700	753	154	217	782	602	466	395	608	643	975	64	227	329	227	938	995	364	48	120	532	38	544	955	526	848	297	411	438	20
937	540	347	847	890	957	905	536	746	490	366	721	92	236	113	650	719	756	995	107	333	10	73	968	927	203	641	239	959	171	716	382	350	478	739	494	871	244	926	519	988	93	919	755	287	622	994	67	581	673	128	846	511	772	816	751	414	176	625	404	413	589	985	707	631	350	647	400	353	663	602	832	166	828	16
421	979	158	714	510	222	310	563	812	963	110	718	493	987	157	206	9	232	92	388	315	105	634	850	911	407	472	893	133	279	594	855	25	899	19	309	822	419	462	983	646	249	616	106	497	107	56	888	86	339	765	9	548	629	815	743	218	239	147	437	838	577	153	538	101	187	642	45	415	779	281	390	657	219	904	992	318	172	131	654	544	109	270	9	896	655	404	344	600	890	967	983	956	901	117	723	988	571	213	267	310	37	15	594	35	253	110	188	216	148	340	272	479	344	45	76	485	275	941	654	436	625	208	743	402	842	16	908	670	309	935	687	75	579	86	760	908	107	389	97	243	338	517	49	309	780	15	137	492	544	409	250	388	535	826	683	779	165	209	351	202	891	623	464	488	777	430	938	665	66	464	566	474	76
874	536	252	173	928	64	267	59	803	3	519	851	548	238	670	524	404	339	360	141	664	118	55	953	406	695	644	866	603	804	960	998	71	723	482	631	699	342	413	923	917	983	173	808	89	279	55	563	617	0	524	32	15	47	795	183	837	7	131	199	72	968	50	770	864	222	479	196	377	462	138	187	110	835	675	663	199	547	180	920	976	135	185	941	852	674	541	530	911	968	270	303	893	368	783	797	500	287	896	353	321	183	730	44	684	554	289	520	511	502	143	183	976	644	49	983	17	405	186	521	402	970	793	122	969	763	347	84	738	468	515	66	570	195	105	284	700	96	147	337	605	789	949	138	183	248	724	273	362	120	27	533	75	975	692	509	912	864	5	736	87	827	973	266	833	486	142	16	653	847	29	650	612	737	840	518	123	870	59	649	62	374
612	29	385	498	85	849	109	437	471	359	893	148	951	130	704	283	798	473	470	212	578	449	491	85	65	413	833	966	664	381	668	403	93	909	469	187	344	744	128	31	551	288	828	228	670	229	552	207	921	533	957	364	418	83	897	524	280	741	247	8	493	388	405	731	39	989	118	736	911	237	189	269	512	618	856	104	509	680	764	250	500	872	850	473	836	516	805	441	285	579	759	907	110	488	671	878	826	944	789	820	951	131	141	142	448	507	772	164	553	202	892	362	508	115	555	640	72	328
945	154	463	611	320	635	451	165	978	265	834	649	444	612	919	365	193	401	331	597	60	909	187	176	386	27	40	607	48	675	493	910	792	776	492	698	947	268	11	34	510	805	320
498	553	35	325	583	130	914	864	912	866	443	200	200	68	190	955	483	533	745	568	484	367	241	487	431	876	313	445	915	154	130	206	383	155	608	352	282	695	69	893	56	203	479	342	389	692	187	217	286	517	813	628	422	779	670	553	286	131	956	564	967	436	798	772	269	140	257	2	467	761	147	594	836	246	426	460	158	259	473	86	585	39	94	555	834	978	803	842	734	51	212	125	77	262	892	293	264	955	303	424	742	903	659	748	768	823	13	887	396	792	416	505	176	398	89	739	400	120	855	944	501	90	130	61	343	145	936	50	381	352	870	440	37	790	289	280	630	153	370	896	949	938	527	78	268	138	44	424	877	170	781	460	930	291	215	843	278	596	502	353	198	618	713	962	282	841	368	846	387
