771	132	189	112	998	718	123	649	750	427	251	276	676	216	762	123	986	994	116	324	593	372	387	544	451	18	734	799	10	967	182	614	350	790	616	301	403	249	330	342	426	454	28	352	980	217	77	479	986	783	73	959	518	179	242	777	262	823	358	420	938	196	642	216	320	469	293	264	15	469	2	46	10	269	242	482	819	969	406	219	983	860	401	157	197	289
636	300	689	62	844	684	697	223	352	593	116	452	917	858	391	595	517	864	383	10	526	772	543	414	158	788	923	696	458	69	695	573	960	128	378	365	53	597	882	520	983	110	330	311	435	962	10	946	28	512	143	613	68	640	982	719	832	488	331	386	166	104	819	641	727	390	123	803	642	389	728	428	462	338	37	610	961	996	742	815	701	526	376	481	20	26	696	792	578	933	629	660	436	260	55	598	791	682	531	657	104	872	975	413	216	163	812	621	680	102	376	630	984	625	992	235	78	409	873	901	310	334	769	980	833	180	309	444	788	820	640	60	466	367	330	910	541	73	247	821	0	504	333	733	651	577	127	687	725	128	824	951	804	473	957	63	510	456	984	100	183	92	590	973	705	267	505	873
846	454	947	427	112	765	171	422	535	69	570	861	90	771	745	897	834	546	695	651	522	466	94	432	82	471	865	533	704	432	870	417	169	214	145	914	803	399	217	338	414	108	374	649	346	525	538	681	293	851	522	955	199	780	382	311	968	374	315	36	546	296	655	501	134	377	100	76	464	292	147	577	919	299	482	871	590	939	965	979	564	322	798	50	88	788	531	476	211	362	598	260	365	410	417	142	113	25	976	730	118	868	888	183	655	645	145	480	199	359	292	643	674	669	514	229	615	644	779	319	492	429	525	392	927	805	100	771	519	827	435	315	212	30	644	393	804	268	22	835	686	878	954	529	177	724	633	302	569	733	246	746	744	284	607	491	389	577	810	431	281	207	610	774	67	524	254	213	907	781	654	928	159	490	438	185	943	551	943	476	81	99	702	855	358	257
392	887	585	438	985	18	235	840	340	148	395	39	112	440	185	826	983	248	954	921	456	418	746	45	669	945
986	695	76	923	140	180	987	307	297	506	998	257	784	487	832	207	896	944	685	613	231	655	892	382	50	18	446	965	585	550	29	229	702	948	880	52	543	718	488	867	924	322	962	991	585	128	859	996	58	502	980	323	198	462	28	593	213	907	770	79	318	309	464	260	676	65	655	83	802	677	723	692	174	708	686	884	843	69	589	564	528	440	305	921	473	958	22
750	258	579	833	744	377	665	488	635	446	573	108	954	113	874	361	639	867	216	58	27	419	317	973	320	582	753	336	897	768	958	513	790	486	13	567	254	723	348	695	908	712	544	25	50	705	85	693	309	827	649	32	362	789	505	38	992	327	454	407	581	84	737	986	905	991	292	458	236	395	135	181	674	967	34	50	969	569	450	835	143	227	462	4	135	857	948	10	999	108	388	656	135	50	63	300	783	900	357	219	183	878	353	913	738	733	880	781	357	341	76	672	139	643	464	806	900	978	93	835	205	234	259	121	31	266	981	623	704	421	804	398	565	840	938	317	90	335	504	769	513	279	585	522	575	279	297	882	558	376	49	14	203	71	22	702	155	859	616	609	634	253	6	979	903	386	644	642	880	603	901	314	963	882	168	36	978	329	759	360	556	98	258	205	59	72	279	421	118	293	420	240	189	773	688	285	402	181	270
567	854	131	130	715	322	218	470	360	788	782	778	556	825	131	839	22	131	139	485	919	730	339	110	907	10	557	172	902	782	317	147	921	546	922	750	37	402	397	411	240	137	61	753	871	932	548	673	808	568	60	737	715	600	13	785	558	408	707	998	315	116	493	353	622	428	753	829	270	706	732	920	202	196	222	410	54	803	336	717	479	871	330	961	914	573	417	897	361	595	889	376	78	167	232	568	292	112	966	933	504	97	371	954	576	430	379	903	18	551	381	889	950	27	184	839	775	342	340	875	689	874	639	997	344	444	914	190	58	179	348	606	309	396	768	532	522	512	417	309	409	553	536	580	357	172	601	525	21	989	825
963	161	295	627	746	148	422	804	507	273	990	852	573	900	354	925	31	870	516	552	401	38	555	696	600	55	480	268	435	408	854	584	209	630	454	296	166	359	98	395
344	259	924	931	315	406	852	829	691	378	525	929	194	704	357	451	817	18	368	116	817	36	927	734	742	380	534	592	637	702	142	234	841	716	442	918	452	596	304	479	644	629	676	928	780	554	928	385	639	4	741	244	897	246	806	682	549	72	249	763	218	202	600	540	531	311	692	708	906	60	247	372	554	411	169	835	818	736	815	880	489	332	883	596	432	566	665	40	978	685	233	645	932	788	967	433	187	39	261	541	244	64	59	73	223	263	659	186	193	524	669	464	725	799	493	283	443	590	755	598	982	416	903	72	219	168	844	729	474	794	147	479	693	261	794	137	181	772	960	986	511	779	521	844	767	633	247	983	279	243	428	466	605	182	374	511	747	325	491	317	357	15	509	125	450	350	674	740	159	607	919	366	406	719	428	254	681	840	603
155	890	25	814	207	39	761	9	80	484	209	400	61	944	174	990	885	351	806	906	412	363	502	546	197	384	747	463	396	306	430	405	293	557	296	664	869	881	634	229	247	241	553	295	976	762	97	407	695	677	121	189	561	837	589	334	290	268	111	462	135	408	432	605	713	212	153	529	83	450	859	251	211	725	581	271	654	936	449	134	584	725	498	974	405	110	902	794	406	390	28	815	770	923	611	690	902	854
