953	589	99	779	681	904	399	548	255	104	738	834	248	803	650	571	703	827	270	70	902	11	111	372	217	514	564	141	858	797	485	34	441	155	225	718	250	237	367	241	91	524	452	986	894	957	250	597	207	885	250	105	756	105	440	772	770	986	186	699	13	540	565	537	403	801	683	436	663	127
816	711	499	127	453	896	308	316	66	356	236	640	184	283	4	807	689	887	930	423	490	816	637	650	692	934	409	314	977	97	917	867	827	284	222	401	161	486	393	781	450	486	894	312	242	512	864	174	970	691	85	296	152	375	184	240	927	706	391	825	823	503	412	79	727	753	267	919	224	319	305	374	624	798	261	491	914	437	486	645	769	998	531	363	160	801	296	985	495	400	120	263	279	98	65	203	659	724	187	581	378	701	304	499	94	597	705	973	473	723	730	143	283	78	241	367	479	721	852	823	502	709	138	754	642	586	959	594	949	787	307	11	330	902	339	407	700	339	466	185	645	689	693	950	3	557	215	959	430	824	276	135	206	961	766	969	2	802	808	127	20	762	726	43	185	104	969	683	343	185	550	798	176	266	778	514	211	919	105	309	277	754	7	85	11	535	677	975	379	303	469
782	485	670	703	829	903	66	461	292	166	231	99	568	176	349	155	75	877	428	160	572	59	188	285	560	890	330	242	473	63	540	62	873	924	856	979	453	959	507	794	562	799	99	390	304	910	799	68	578	388	895	527	589	434	445	532	394	249	672	142	657	495	641	69	337	372	671	186	466	391	902	705	412	180	300	676	996	706	928	760	677	984	74	60	457	705	902	893	651	132	622	702	383	159	340	884	541	552	227	175	710	107	477	967	915	482	805	834	192	886	479	89	3	245	647	91	127	617	490	19	309	441	617	636	114	997	166	120	710	608	385	424	282	600	949	806	730	748	241	440	595	574	868	985	570	167	69	600	943	144	304	702	221	482	400	205	718	248	116	978	332	68	604
267	82	271	168	295	50	678	486	31	65	684	675	869	573	173	420	550	282	773	365	149	995	225	656	433	165	870	874	485	885	957	902	368	658	813	652	996	558	759	2	426	774	500	678	633	745	204	479	462	234	537	383	41	532	40	914	219	312	478	681	503	241	866	224	43	824	83	78	881	940	609	933	104	534	211	16	331	686	895	975	390	660	701	437	906	413	52	71	502	560	285	689	51	422	24	678	559	575	11	456	864	31	456	429	902	283	970	768	198	44	228	96	539	950	390	480	618	381	191	575	469	408	447	352	326	863	925	154	181	773	304	996	121	161	165	948	481	394	209	917	132	535	890	333	491	152	982	38	30	410	821	808
890	434	901	796	173	489	976	429	664	354	113	452	949	221	791	849	744	712	664	870	148	154
988	384	130	397	641	137	444	993	501	340	620	849	566	147	911	790	208	493	245	519	869	712	466	328	918	283	821	551	132	431	992	908	306	231	728	407	442	789	275	627	95	566	967	669	721	267	728	32	278	400	263	236	140	775	88	411	296	492	581	972	78	821	607	76	687	509	671	625	46	118	855	615	704	787	520	407	336	208	699	324	978	736	752	848	588	30	718	599	516	84	203	717	531	75	705	230	522	570	372	272	785	663	224	79	504	356	14	250	58	865	811	289	25	4	563	649	902	902	112	662	457	139	639	743	156	978
290	29	552	763	733	516	492	461	439	680	324	155	867	371	961	750	714	979	192	278	143	128	700	685	800	169	786	518	730	12	487	456	69	377	359	508	510	709	405	784	976	268	34	693	680	372	211	289	385	788	687	424	830	822	798	179	208	947	413	174	769	593	110	191	88	62	818	572	298	626	132	800	36	410	133	220	265	451	203
596	797	118	718	888	242	954	704	716	612	844	299	253	665	677	921	746	501
702	177	858	705	252	275	252	280	0	728	266	431	438	612	455	822	72	247	789	174	974	921	295	714	149	442	529	670	330	181	616	683	75	341	316	762	965	337	693	48	851	991	388	957	404	957	64	21	286	114	581	710	810	832	379	475	575	824	688	509	447	528	579	876	317	800	876	965	452	423	768	34	616	221	796	143	141	642	41	866	435	973	125	668	900	175	891	513	234	366	692	130	162
403	709	257	832	187	990	414	186	103	659	394	262	60	838	451	363	863	894	710	515	766	534	378	209	340	916	185	456	416	476	547	450	573	694	933	523	370	161	793	83	156	80	706	407	392	771	160	538	415	764	906	748	115	746	666	553	725	989	981	86	706	864	119	377
