85	586	50	104	629	407	601	782	509	781	156	254	42	665	821	584	703	606	328	422	299	597	407	917	893	546	472	72	617	28	615	502	564	798	985	398	829	61	413	950	775	51	233	993	558	168	335	671	525	434	969	677	709	78	848	876	2	203	724	95	654	449	810	845	316	954	297	709	894	21	969	959	75	54	629	471	668	777	268	140	701	441	142	88	163	972	42	240	676	39	205	290	331	178	947	263	279	510	841	510	837	528	543	515	605	633	135	323	525	413	692	985	804	100	457	61	642	778	981	609	348	964	48	816	828	970	2	360	135	232	820	46	235	789	283	608	54	985	381	90	762	253	280	938	390	863	62	310	837	263	337	219	487	932	4	423	641	819	65	375	877	141	953	194	719	828	206	96	780	476	585	513	502	805	478	477	286	670	489	32	624	852	653	472	504	586	785	412	732	916	497	596	175	903	892
813	662	246	797	808	83	180	180	883	804	690	433	63	451	309	237	112	315	667	900	277	547	660	556	432	180	173	552	312	401	999	626	389	683	255	452	366	470	331	628	27	606	748	471	524	703	232	599	30	736	51	904	339	40	865	951	514	389	938	148	667	606	164	471	319	286	112	548	198	172	326	448	572	466	559	283	8	510	126	251	819	231	694	354	853	409	622	40	879	678	70	974	619	577	132	783	153	7	292	798	263	910	705	127	987	315	582	731	886	221	789	757	304	262	777	704	660	733	506	557	959	242	873	432	409
116	813	762	391	113	610	151	650	581	674	729	317	96	482	235	566	983	624	420	233	308	507	415	675	772	845	317	368	199	428	372	337	199	132	323	913	319	798	865	634	181	76	260	324	652	176	954	179	921	332	537	616	63	208	678	16	30	468	542	637	630	76	277	428	33	450	64	863	751	406	468	565	73	331	840	975	658	651	403	546	138	208	503	704	325	858	70	436	823	731	522	859	805	702	737	455	681	413	377	983	298	829	122	274	428	670	437	69	211	363	568	982	493	554	597	103	532	883	927	311	807	980	286	989	802	588	130	332	994	504	963	617	123	728	462	661	991	544	29	833	264	935	946	505	24	528	996	825	696	50	53	358	718	428	755	907	513	702	856	580	629	247	812	787	781	722	284	296	454	746	733	23	962	20	802	773	680	190	204	529	890	886	41	384	462	497	558	811	585	446	667	201	876	235
368	1	603	843	36	207	769	969	288	848	118	335	550	414	67	905	946	685	92	513	689	559	409	543	90	589	681	90	690	289	754	182	60	992	420	336	45	686	437	52	829	498	960	595	317	77	21	266	672	695	430	774	74	409	988	675	951	533	854	442	522	954	868	622	381	527	181	293	671	813	378	223	870	0	690	794	156	786	639	926	628	474	448	714	481	332	415	732	745	495	127	985	592	39	904	828	325	454	926	848	560	763	803	802	415	399	732	840	568	674	334	679	504	360	950	761	422	420	192	27	812	971	624	406	580	319	807	767	81	581	847	884	479	607	378	710	882	914	312	712	527	71	810	330	985	659	568	699	673	524	153	310	586	538	470	473	620	216	384	800	117	596	762	171	408	965	546	218	288	898	102	441	338	329	675	66	603	454	725	726
515	911	907	47	909	889	772	748	493	584	849	168	645	749	637	793	546	45	707	351	871	166	218	303	202	743	800	108	988	834	598	136	866	238	863	570	125	792	795	176	958	355	544	967	932	868	773	96	922	584	909	449	818	835	424	605	516	616	28	471	317	146	156	922	637	777	253	150	943	773	593	242	154	408	522	506	371	332	417	780	106	804	738	725	905	994	73	498	127	786	450	86	170	498	112	959	906	289	585	83	341	896	104	367	281	701	395	671	561	542	266	668	773	208	702	848	149	840	524	447	787	485	372	488	338	56	654	580	20	522	514	214	357	851	209	87	749	482	963	672	854	272	420	178	111	357	488	292	865	472	296	512	330	695	297	625	233	535	266	233	9	950	398	615	775	701	781	203	687	798	538	589	954	302	69	600	876	92	558	12	12	840	721	438
392	918	111	604	55	804	90	107	304	836	155	917	919	668	508	527	202	984	333	846	132	923	173	268	623	590	653	238	542	371	67	506	499	935	203	395	916	92	422	41	826	490	313	606	812	942	447	925	54	658	432	179	387	765	302	517	512	766	787	371	941	271	789	49	241	175	128	997	980	352	187	535	334	775	611	999	593	902	659	546	571	898	701	988	606	570	626	893	926
975	750	245	316	673	477	753	46	580	852	747	628	795	551	413	922	973	450	783	792	683	560	869	679	142	582	227	921	852	801	489	386	260	86	737	712	923	572	475	587	918	341	512	487	307	533	902	932	812	359	762	133	816	516	236	629	664	260	881	435	579	125	891	816	944	413	236	324	696	171	451	991	900	264	44	434	774	494	760	856	428	625	431	239	278	932	954	500	91	426	63	537	786	556	110	42	698	350	389	363	88	743
999	507	673	568	655	853	419	663	367	486	924	388	978	674	466	370	158	437	56	90	900	497	638	680	933	271	870	909	273	704	770	944	956	405	845	637	178	731	219	891	536	381	574	424	673	322	529	671	573	835	667	391	95	761	635	757	29	70	657	178	389	615	777	73	742	536	289	796	133	788	198	146	845	647	818	471	183	43	89	5	236	894	70	673	65	727	68	552	199	804	122	726	15	343	657	891	680	598	263	95	708	289	2	524	476	983	59	259	981	612	48	762	632	289	518	934	509	172	144	882	859	343	595	716	920	720	744	147	218	684	46	204	18	259	71	626	323	469	60	593	731	312	435	577	240	664	709	849	504	324	359	155	818	562	792	721	361	628	782	231	132	538	447	872	215	307	61	720	158	238	584	65	48	6	776	350	611	369	113	557	838	103	173	389	222	407	804	630	712	744	511	813	966	16	82	969	733	992	782	950	823	234	118	433	564	170	316	549	533
559	438	650	226	730	871	334	856	31	864	331	965	709	581	724	993	437	28	373	120	833	699	856	897	279	406	966	277	160	401	905	486	17	104	560	473	765	400	72	732	687
915	954	834	938	126	21	89	462	118	454	424	916	150	540	276	11	220	949	824	812	658	101	657	534	135	707	908	719	826	34	934	781	348	563	438	483	384	400	955	554	190	215	973	550	250	590	705	216	822	217	709	994	588	849	722	925	766	919	972	966	964	633	374	763	470	179	262	153	82	859	985	936	467	379	654	894	138	801	616	172	545	221	215	264	471	558
