12	467	675	532	93	493	850	759	212	138	480	183	797	165	643	731	574	848	319	561	787	494	14	884	470	101	890	757	980	93	983	777	731	427	759	291	12	972	72	908	71	456	135	237	938	136	918	570	918	215	381	288	856	475	28	298	718	964	996	794	198	390	409	714	159	373	150	947	435	13	516	748	29	168	526	539	726	151	277	395	503	614	517	374	471	16	885	237	17	928
352	333	898	888	91	369	409	55	462	166	171	736	232	354	289	907	804	420	678	605	34	87	634	431	99	995	600	636	883	948	412	729	126	369	730	971	294	697	520	578	756	762	465	752	715	87	531	44	293	943	258	890	296	135	7	541	533	967	290	726	639	111
67	809	872	295	785	254	71	737	60	939	793	469	955	666	418	310	231	209	775	705	98
979	879	232	856	415	814	840	582	351	446	244	690	952	3	324	194	922	462	425	529	717	473	664	305	598	105	403	538	281	420	582	614	728	395	616	644	794	664	187	248	849	100	276	944	713	204	234	70	151	368	819	714	305	25	350	712	833	749	161	848	161	75	766	734	654	213	982	447	304	272	631	653	55	715	902	816	381	72	126	721	149	72	437	422	10	916	860	539
525	871	471	933	559	662	804	663	294	532	988	309	412	525	718	892	33	192	740	477	861	822	292	177	873	732	757	476	210	948	860	343	288	609	7	9	323	192	33	298	225	957	659	791	444	683	914	559	3	207	985	352	474	468	412	108	386	489	187	583	984	556	954	414	532	966	979	486	623	478	467	481	919	561	481	19	630	214	119	248	40	471	934	505	253	972	325	433	462	851	3	381	806	738	140	419	321	613	209	540	160	520	653	42	677	103	897	858	46	261	164	989	432	870	766	302	131	409	167	139	958	759	629	363	840	400	101	632	38	980	589	800	454
614	302	184	194	279	281	467	456	648	346	92	458	711	184	158	257	492	672	251	790	545	753	617	687	53	880	17	487	979	888	871	565	375	670	890	290	524	660	680	698	799	695	340	134	707	557	294	574	207	430	530	697	284	716	318	759	225	241	117	416	948	133	913	224	177	596	630	602	769	372	752	253	825	618	715	956	201	819	637	824	881	64	234	895	589	409	539	340	277	236	292	847	868	45
368	112	200	258	999	121	363	693	339	748	287	776	219	260	111	959	436	613	240	858	986	12	582	210	766	981	887	795	26	359	617	491	711	697	63	651	711	75	794	941	495	284	146	765	112	527	580	328	609	545	416	52	469	321	56	179	960	54	488	317	660	229	926	516	191	550	440	11	250	213	804	157	149	636	558	410	940	39	796	58	621	342	288	742	891	460	259	337	183	88	147	179	776	169	971	325	182	978	93	92	39	227	346	418	224	241	624	721	861	382	636	53
850	599	708	687	451	295	602	918	787	950	984	916	602	236	293	635	107	886	622	309	827	220	759	971	521	793	490	638	502	967	986	521	761	468	889	450	661	429	724	797	95	560	425	532	458	391	975	150	242	974	712	617	253	294	433	824	918	416	407	377	735	942	239	991	446	140	361	7	69	30	472	270	984	331	123	308	516	142	870	589	468	31	176	968	780	925	660	346	211	992	454	323	861	40	582	716	811	133	468	321	887	906	359	553	489	434	310	309	456	269	269	320	841	205	711	249	412	404	142	936	378	499	34	674	100	923	186	732	851	654	82	797	285	258	865	427	715	678	517	559	103	861	775	126	781	569	392	211	95	37	69	827	291	410	703	193	932	724	217	562	925	975	720	428	531	539	804	695	477	99
919	96	318	212	954	609	276	733	844	752	897	251	986	699	961	753	255	287	250	992	919	271	866	757	550	346	330	365	993	21	416	567	645	186	287	402	315	300	658	279	403	262	26	584	124	177	370	527	795	374	286	889	23	484	283	48	767	873	853	342	406	118	602	590	151	677	305	275	879	321	261	170	612	840	293	817	360	744	722	453	243	431	852	589	121	44	351	979	421	349	980	411	860	740	51	858	890	29	67	461	929	608	906	745	997	178	857	998	532	230	983	163	858	878	119	120	23	127	162	786	227	339	792	732	61	219	828	606	29	18	954	212	801	927	907	235	175	983	725	439	120	451	355	335	505	856	562	810	243	64	505	447	553	894	236	764	354
969	249	585	408	624	907	692	55	559	731	789	489	905	602	919	353	428	509	760	31	840	883	372	367	644	301	59	331	414	341	3	360	619	469	61	276	686	273	962	489	717	808	149	475	750	60	860	436	179	261	525	634	716	580	863	630	284	752
