915	737	348	19	874	872	793	548	776	214	682	120	418	215	561	376	140	776	45	643	35	934	49	643	117	303	450	870	513	930	39	87	452	520	508	693	219	993	2	607	996	417	645	982	871	544	75	871	341	430	279	687	248	860	369	608	253	668	964	748	62	650	58	455	33	909	651	775	379	81	963	222	854	262	838	270	163	725	319	105	932	926	682	584	114	268	252	887	999	75	363	635	972	636	111	280	516	409	576	31	719	195	161	759	363	80	452	660	255	363	297	122	758	129	572	9	875	992	674	371	560	56	207	560	231	262	829	323	679	445	829	945	345	142
578	499	513	543	778	695	147	332	514	372	546	458	8	329	885	843	914	768	237	497	402	664	925	132	498	305	785	98	743	80	235	607	71	352	908	66	28	892	915	730	789	240	160	236	190	168	179	894	351	962	528	352	197	462	312	877	880	888	491	879	65	270	223	327	349	616	136	947	202	636	268	970	211	800	994	354	620	114	804	748	325	606	520	73	558	555
862	72	103	800	390	894	90	939	951	89	948	974	524	845
331	463	264	645	114	861	119	194	440	931	94	50	756	555	348	100	665	658	414	772	733	29	807	438	837	714	124	141	879	473	655	998	101	389	881	255	323	654	191	506	853	92	176	887	609	659	284	396	861	877	84	768	956	422	401	96	298	767	624	698	193	436	996	363	9	696	482	130	432	803	0	656	471	881	12	590	259	13	815	827	988	574	836	202	705	713	162	203	405	166	449	94	640	72	432	510	538	836	418	283	641	527	990	108	705	520	147	19	845	37	77	27	52	870	590	172	602	675	371	476	295	482	443	897	441	263	923	906	103	93	589	636	986	25	759	317	577	250	500	325	535	710	381	851	919	28	836	168	903	821	255	422	920	673	281	870
267	471	642	56	495	889	249	870	944	827	260	485	429	935	671	375	100	471	875	253	573	225	557	322	677	195	34	400	278	364	318	827	288	271	801	660	310	146	513	281	834	221	36	686	616	93	739	479	288	890	239	175	689	360	174	387	195	374	271	987	840	758	855	495	47	46	471	328	21	272	62	126	263	846	729	517	86	432	84	314
973	41	430	256	874	154	930	180	669	488	148	342	762	26	298	410	853	402	430	112	329	898	532	790	24	104	96	275	342	415	49	264	843	209	592	780	143	354	146	833	723	48	366	257	820	664	185	460	811	515	590	196	188	487	859	642	587	634	368	115	537	241	632	716	227	871
67	245	28	117	691	842	202	953	873	357	858	143	491	45	453	991	115	52	828	293	306	18	641	233	383	658	350	780	336	212	568	821	891	790	588	153	265	278	784	939	3	329	648	460	177	985	608	297	110	229	956	87	271	642	792	556	899	186	262	886	134	918	852	878	102	445	241	584	186	346	396	16	980	876	107	104	636	279	963	176	249	396	907	640	117	743	270	131	712	908	283	139	727	729	968	547	656	570	818	922	838	537	163	766	141	237	400
845	851	234	773	870	710	875	560	969	691	365	918	516	333	454	714	358	571	6	34	822	723	948	731	554	926	669	942	92	605	787	747	529	51	600	665	421	257	690	908	493	243	146	215	685	667	181	346	336	910	114	441	211	892	973	216	572	544	757	119	344	514	547	984	84	544	606	345	61	506	197	632	388	937	613	219	335	565	112	667	187	339	778	401	804	626	627	146	853	755	814	376	253	257	705	174	324	884	118	403	999	219	607	272	808	802	431	644	953	545	284	529	124	297	612	36	415	339	674	836	131	798	931	757	437	521	800	604	551	74	222	521	356	871	925	198	861	902	144	321	840	315	94	366	618	423	357	152	540	176	589	360	538	746	452	7	110	348	851	90	514	92	11	441	0	274	14	105	682	319	584	203	34	353	437	783	808	548	679	588	286	967	137	541	746	4	954	383	754	131	863	35	217	589	657	986	899	268	350	716	479	442	478	585
495	426	109	968	125	37	361	117	101	97	65	164	4	784	287
699	468	207	236	908	350	942	794	74	725	527	949	163	869	265	584	719	885	219	291	655	751	357	570	651	288	753	398	489	77	547	52	5	400	695	734	104	532	204	545	184	403	253	297	825	29	219	476	520	251	126	104	362	984	179	948	851	344	430	72	867	393	334	877	2	352
