857	14	358	533	939	813	35	89	407	311	626	454	948	658	288	873	921	509	497	953	24	280	112	630	63	701	132	767	164	1	229	506	667	169
235	339	379	153	35	342	864	320	404	287	223	735	639	67	959	672	505	850	995	633	263	616	722	107	299	628	584	718	401	351	677	932	258	614	312	66	340	930	416	552	246	404	88	77	582	51	240	94	147	255	435	670	336	649	332	808	207	516	580	473	63	864	130	70	163	727	569
638	855	658	890	443	65	821	810	462	0	312	499	903	347	895	348	80	210	440	979	395	5	765	935	855	572	539	575	783	588	768	927	222	299	514	759	448	939	56	472	830	939	455	700	703	914	993	990	12	701	387	195	434	551	703	869	120	752	81	745	262	660	196	786	1	528	118	254	626	556	556	435	822	622	412	280	558	649	863	700	341	745	392	930	996	577	312	691	434	796	285	1	99	581	172	133	597	122	866	404	556	85	374	663	991	115	402	489	887	578	378	262	283	333	896	487	8	746	210	74	502	814	627	808	300	573	93	456	868	199	86	935	359	947	393	87	857	48	843	620	600
671	666	447	911	920	351	681	792	845	970	352	635	131	192	654	910	715	496	155	877	656	248	550	850	796	238	451	922	789	874	515	383	610	480	162	319	338	904	433	847	68	140	242	722	81	42	59	462	733	304	981	956	216	634	371	882	354	197	520	950	731	468	208	121	463	52	994	141	301	427	641	379	408	220	234	531	675	22	785	921	904	56	134	747	254	378	785	950	990	288	105	326	529	34	282	2	809	865	162	73	961	192	337	235	758	36	454	316	353	395	749	82	510	919	311	128	376	697	392	483	136	469	959	796	508	755	445	895	517	365	702	261	646	612	154	911	507	486
331	573	838	508	157	442	381	323	650	718	494	248	477	866	181	529	576	785	865	259	691	934	584	54	157	961	973	344	556	95	531	567	581	20	21	219	589	8	699	639	263	669	812	978	357	249	359	634	648	365	746	872	124	404	722	490	562	53	307	910	992	837	768	597	886	135	402	68	829	221	445	482	720	939	360	685	929	386	189	120	115	909	261	80	485	813	915	454	140	297	417	864	277	694	538	356	857	215	318	390	931	571	640	915	726	839	85	805	150	673	111	770	548	583	347	937	925	433	218	12	438	658	479	705	774	722	317	965	917	791	856	35	158	285	456	582	893	7	400	972	274	587	160	557	254	653	452	376	132	929	879	228	65	895	378	532	514	188	390	795	910	647
409	147	921	147	146	40	879	39	161	958	396	822	571	376	457	966	326	231	413	47	957	754	930	307	368	239	422	495	480	90	764	80	246	410	489	479	866	251	929	762	137	437	807	11	351	122	806	928	714	170	850	651	957	284	364	855	929	467	405	910	531	337	432	271	13	971	925	129	550	429	221	908	580	935	970	472	870	978	211	211	53	1	512	169	93	808	720	147	676	245	767	65	301	321	919	407	589	499	491	739	886	957	709	680	361	918	705	303	444	12	244	340	537	239	549	535	827	373	877	975	472	752	435	932	816	382	153	652	960	163	865	666	248	420	596	126	665	161	209	72	888	79	713	447	873	259	393	865	759	722	668	22	786	264	327	552	549	336	172	316	143	33	571	428	558	327	548	243	248	970	31	532	372	537	867	126	434	926	694	919	702	782	129	361	91	62	51	813	778	197	284	813	711	60
178	848	937	163	195	621	526	861	292	935	44	896	944	74	464	161	132	95	611	345	418	234	172	575
550	934	23	641	849	177	876	63	113	762	332	431	631	181	20	857	959	632	722	476	64	671	171	703	696	464	65	713	528	93	631	659	604	503	624	878	779	894	820	573	436	963	885	877	365	599	351	382	676	914	367	561	820	710	694	94	365	263	300	372	426	273	502	296	946	603	348	93	949	970	783	904	981	776	309	234	146	27	944	238	382	848	417	997	293	302	855	836	167	503	996	546	226	842	198	809	742	892	837	169	663	896	165	719	494	45	699	296	21	213	755	30	18	416	538	44	859	348	353	183	871	970	777	238	683	908	695	908	137	31	12	614
367	469	646	180	441	999	518	574	642	122	253	518	802	334	927	323	281	868	75	307	230	197	970	330	920	679	298	892	559	438	818	546	47	495	830	635	570	98	756	917	232	49	599	252	930	529	254	326	444	130	402	713	644	552	584	874	106	702	157	552	776	309	970	112	405	325	260	340	945	421	861	608	812	698	915	585	413	724	64	266	755	931	209	356	135	44	924	545	580	88	976	113	817	600	345	228	218	384	951	348	323	107	413	794	947	747	994	980	576	752	589	997	735	869	975	305	951	51	715	893	26	989	614	424	423	917	204	917	41	95	388	658	389	555	155	186	515	998	473	210	42	13	148	711	612	859	215	338	902	939	770	883	389	120	702	582	191	356	425	484	691	542	412	595	906	545	141	505	57	694	846	774	660	511	95	350	45	962	389	713	610	676
762	631	442	670	434	490	930	721	872	523	711	38	165	972	946	323	507	956	15	328	245	412	141	494	611	72	404	915	230	251	302	446	339	797	163	51	761	372	191	264	446	663	422	37	763	803	235	520	988	601	589	473	749	616	452	66	686	167	478	899
