441	11	309	509	429	398	365	68	412	311	381	673	538	502	501	722	727	602	396	189	196	867	864	694	491	497	755	885	439	249	94	719	559	621	155	517	879	539	48	622	637	490	18	993	32	794	678	471	148	220	861	674	54	839	164	27	293	131	786	856	328	50	323	256	732	263	184	759	831	741	774	978	332	762	332	948	163	794	268	708	565	503	486	113	4	137	900	868	293	58	892	97	138	124	181	6	961	636	191	627	387	229	947	898	897	302	938	343	760	706	501	162	88	800	189	828	661	785	84	596	115	503	881	846	83	233	130	305	666	268	827	14	300	393	154	680	179	107	948	332	923	57	257	447	979	72	906	419	334	82	177	698	252	62	589	226	164	265	782	665	775	753	478	709	742	16	418	146	837	778	579	273	843	908	710	487	875	974	738	994	696	298
908	347	286	928	17	322	369	619	166	72	818	543	442	606	114	653	345	829	594	390	915	580	627	889	223	978	113	756	866	208	927	735	480	147	327	390	131	495	825	25	194	967	576	515	930	886	220	549	440	299	483	931	683	922	139	11	81	983	274	691	618	253	880	48	769	624	498	595	881	601	118	844	866	286	787	177	301	96	976	81	573
281	764	22	251	858	413	50	312	672	484	16	82	502	398	745	966	139	57	393	93	145	832	195	691	403	15	925	566	493	938	951	199	907	763	934	564	697	620	37	213	459	634	491	674	79	712	419	227	697	246	637	737	861	516	950	623	888	289	653	794	136	991	119	178	691	557	914	957	485	135	143	395	460	895	888	754	943	748	666	142	419	486	187	739	740	718	535	441	759	491	639	376	587	833	841	76	714	919	537	752	599	695	288	976	782	753	578	64	811	873	752	378	256	774	580	876	791	405	224	661	147	250	618	800	847	914	530	515
94	577	721	543	424	832	298	969	840	654	256	873	923	611	961	953	675	48	109	850	985	341	423	972	78	981	383	413	605	172	572	8	662	400	664	891	603	725	416	333	34	652	748	900	749	383	622	65	56	904
25	769	262	468	553	725	205	475	494	891	708	967	536	862	141	54	658	272	216	927	474	93	136	331	758	855	821	85	4	108	82	485	739
471	69	488	484	442	165	113	45	308	907	861	727	158	456	654	183	481	583	529	348	443	198	899	885	462	176	418	463	965	757	509	869	98	717	583	69	480	549	889	363	587	866	702	869	804	979	330	474	675	296	236	957	276	15	962	883	925	199	137	151	770	856	572	833	792	735	286	433	223	830	737	168	247	741	202	366	189	147	536	938	946	763	477	274	288	942	844	157	535	745	116	762	207	829	561	959	396	590	427	318	116	138	889	18	261	331	587	157	285	282	104	685	557	953	867	939	169	655	839	980	234	533	287	426	401	897	272	838	855	742	646	869	987	665	847	993	437	635	368	507	574	811	722	650	842	465	79	723	82	974	972	62	188	396	896	167	645	346	256	530	838	349	605	311	758	671	325	636	252	105	785	860	957	477	71
664	465	493	568	30	478	803	907	624	820	400	759	834	389	283	490	441	297	623	591	135	636	265	931	466	622	442	631	378	371	884	243	326	865	277	599	523	388	523	349	172	570	713	413	687	651	413	610	650	175	272	309	279	280	846	103	999	305	311	695	312	271	827	394	513	377	92	563	231	935	755	494	695	798	21	299	725	207	500	16	285	851
578	977	281	699	941	992	134	885	19	301	235	850	464	459	559	884	68	775	608	197	289	834	526	517	241	206	54	683	296	51	330	168	904	906	128	123	656	802	938	584	757	150	162	946	783	940	195	952	793	197	238	43	37	397	870	994	160	595	154	866	530	740	475	756	308	338	852	165	252	810	971	723	364	472	889	20	252	557	420	702	488	837	429	986	676	349	231	668	628	379	487	385	677	443	207	42	844	400	433	340	954	546	257	333	372	731	986	225
54	359	354	33	568	212	328	963	314	83	756	473	345	553	424	140	485	202	917	704	972	676	273	81	909	108	403	401	926	336	76	797	975	506	297	107	681	151	296	966	467	734	788	614	122	891	181	552	120	827	831	543	873	686	729	994	187	288	688	236	196	210	895	658	324	129	639	744	453	18	316	927	568	165	566	870	546	557	471	943	269	53	97	729	856	4	249	348	334	349	677	348	651	833	320	9	356	403	811	111	694	23	998	738	694	642
386	582	377	832	602	794	281	967	715	201	513	242	735	589	291	106	297	573	481	73	119	178	478	200	263	213	303	148	710	763	46	384	39	991	50	194	849	19	683	101	434	625	323	246	64	109	633	15	880	147	505	291	353	698	671	228	709	35	832	456	338	727	671	490	502	379	243	311	853	427	964	352	234	647	101	896	727	880	834	802	918	96	491	293	804	661	802	483	443	789	31	493	319	88	798	605	506	143	152	265	52
