63	961	922	961	676	881	172	457	271	289	851	5	812	61	854	671	173	316	505	169	657	930	249	456	289	764	998	820	315	19	463	888	50	227	587	499	43	953	941	77	63	50	937	941	475	720	373	920	79	605	75	208	760	741	563	303	711	356	848	735	79	506	464	120	404	41	501	449	518	475	622	830	996	365	869	321	2	685	625	592	809	474	567	421	49	436	951	313	398	109	101	978	967	910	248	873	83	456	759	432	546	26	536	666	717	618	905	708	344	405	36	291	817	892	342	898	267	790	96	485	579	257	241	178	735	384	87	995	777	608	482	624	988	832	514	20	42	138	502	276	698	446	932	22	407	770	748	712	800	934	587	485	417	460	979	180	588	526	762	424	698	595	475	663	196	151	479	487	482	883	554	697	165	215	629	520	514	80
611	821	405	245	71	14	829	626	43	309	636	935	875	711	554	136	101	72	789	885	413	45	459	478	395	722	683	926	978	249	551	967	324	985	114	484	706	523	42	692	491	708	721	252	725	979	201	268	257	899	63	53	865	996	803	793	619	376	202	801	492	796
853	617	642	34	902	312	293	247	783	309	53	917	481	265	988	539	483	674	299	635	146	803	765	290	939	983	417	610	586	463	50	190	821	872	565	19	724	345	349	28	702	408	497	414	66	315	308	412	238	662	949	35	606	910	46	477	35	552	118
381	865	598	893	328	706	219	707	734	993	939	397	367	265	801	274	25	69	629	465	308	646	281	742	734	748	877	76	531	562	811	543	55	360	962	207	795	801	166	84	16	803	580	276	160	60	795	670	499	241	61	85	609	901	611	595	69	622	885	323	655	144	366	64	420	684	7	742	130	532	238	835	783	492	715	693	231	653	209	245	405	451	724	226	612	118	67	846
110	969	32	878	788	923	725	80	589	486	76	373	195	465	683	736	797	333	396
525	2	647	136	867	530	668	169	852	193	195	684	351	598	281
324	476	585	368	146	932	641	562	678	687	848	940	162	826	393	903	746	950	469	561	237	497	374	198	367	681	350	398
889	76	178	18	501	496	827	622	218	54	916	951	440	984	375	620	44	200	876	295	386	393	809	661	740	797	262	642	8	822	685	512	917	624	370	131	797	659	335	881	670	542	695	274	902	348	103	99	937	933	188	807	350	489	850	980	682	51	819	971	385	300	585	701	802	597	66	172	834	999	928	642	528	225	903	363	903	516	862	184	266	173	932	782	346	728	87	72	209	998	910	97	110	241	406	181	147	347	201	668	249	764	957	208
438	143	482	860	917	560	271	86	436	180	399	187	548	170	648	16	782	514	379	763	73	255	482	320	236	651	477	732	103	916	682	378	936	432	993	201	916	645	232	107	403	874	706	661	890	292	951	278	168	858	240	368	534	481	847	856	844	620	153	694	782	551	939	850	363	740	580	720	461	406	84	440	554	319	890	6	796	205	83	514	511	472	138	357	524	922	865	789	22	203	760	765	259	713	206	624	89	667	805	552	336	59	469	49	907	759	870	60	625	530	697	471	341	865	189	479	96	639	589	41	370	501	847	270	190	534	256	11	818	930	53	93	563	504	242	454	843	256	548	995	275	862	223	425	41	558	793	132	640	992	513	346	674	395	32	9	778	480	74	347	676	927	626	909	892	557	271	762	144	837	121	397	401	530	530	385	847	873	83	617	522	123	153	39	267	29	792	209	109	31	92	613	124	3	399	620	60
917	659	288	484	159	345	827	952	845	95	413	817	48	946	977	448	906	373	985	68	566	415	766	724	212	645	131	434	798	119	704	225	47	598	11	581	318	171	816	341	662	414	193	844	736	488	497	569	319	553	153	977	714	463	46	404	309	40	748	474	537	437	265	820	640
