784	263	453	52	912	437	20	800	218	890	575	844	959	655	125	398	74	217	332	301	815	951	582	691	700	631	771	143	576	221	284	52	346	895	180	946	788	134	787	881	692	489	457	220	611	455	420	836	251	916	156	96	347	520	545	74	536	817	432	622	233	966	826	853	969	893	301	421	833	566	668	358	348	221	143	528	902	395	509	90	933	608	403	870	68	215	91	862	75	460	932	416	314	378	587	796	925	776	603	699	899	515	265	279	507	371	341	65	26	444	603	390	960	225	763	457	283	178	615	457	954	902	172	531	373	965	643	292	742	919	926	118	204	57	539	831	421	945	350	713	905	800	974	315	890	293	975	727	610	9	372	156	597	966	620	446	204	171	425	378	783	669	470	990	647	101	70	704	700	375	689	412	928	791	971	450	860	184	547	62	775	319	117	505	940	140	663	295
605	976	391	516	109	761	975	421	692	866	782	701	66	413	927	538	582	5	287	433	574	385	111	384	224	537	63	169	65	931	506	96	947	960	174	431	609	469	563	381	938	834	493	93	114	898	943	403	143	11	700	537	286	545	312	18	714	691	419	845	845	21	813	20	359	845	351	354	250	559	799	185	469	217	9	728	673	919	735
79	503	360	335	34	437	402	792	299	894	461	156	433	396	901	98	692	279	673	748	713	119	717	753	523	355	8	652	782	198	438	795	367	21	943	133	954	12	938	777	715	402	968	681	320	943	66	509	450	73	208	772	303	869	879	751	816	613	134	855	917	912	965	474	266	904	317	37	183
446	226	242	334	632	854	694	927	624	711	750	378	208	571	753	843	722	825	127	129	328	461	120	325	800	411	8	461	15	655	295	408	952	755	436	459	433	141	405	775	26	200	419	960	293	968	582	883	448	59	996	584	827	675	880	366	69	832	157	748	172	270	836	57	336	335	150	850	339	576	144	521	561	688	666	369	846	383	717	794	209	105	353	567	568	924	611	577	776	68	994	21	14	541	907	865	58	468	538	743	335	938	627	22
307	252	498	106	349	613	938	152	990	1	566	162	680	853	191	411	667	884	445	131	554	839	756	275	628	224	104	580	680	286	71	931	52	502	198	686	296	395	51	906	954	679	207	354	403	655	579	996	909	294	370	899	369	862	438	413
181	631	102	571	719	776	258	732	594	26	736	622	726	371	27	369	190	412	752	805	333	159	202	732	29	571	248	953	875	416	663	848	407	373	622	214	943	848	959	104	176	940	168	689	175	152	165	428	797	851	682	771
346	924	72	377	208	831	943	240	748	915	102	723	394	100	361	736	676	84	900	928	97	156	749	865	212	978	875	723	148	359	361	162	762	26	193	489	929	266	267	79	336	947	193	865	154	492	181	364	233	496	624	307	210	90	260	791	91	55	595	48	463	406	761	599	379	390	420	350	252	132	916	237	755	166	631	416	410	882	516	698	815	319	886	529	735	716	789	24	682	757	290	400	859	793	777	406	638	564	812	926	271	380	885	825	517	786	339	932	420	70	28	672	382	685	485	321	113	640	164	966	585	8	326	510	543	412	763	693	905	126	711	718	89	504	106	927	265	55	149	138
626	164	852	771	502	152	530	706	623	277	350	217	166	82	843	631	500	88	337	429	146	579	847	871	350	726	862	215	664	11	689	925	768	317	642	690	805	357	617	17	628	975	916	118	594	294	148	685	359	230	856	699	288	689	38	239	948	719	439	803	182	954	148	343	849	306	110	922	904	480	562	231	532	310	351	74	975	559	991	375	148
83	632	634	439	396	627	125	713	858	709	886	821	229	319	173	150	268	916	90	594	351	441	648	841	887	772	422	962	348	602	291	756	82	920	738	760	51	767	230	82	506	111	958	503	614	435	438	344	763	917	431	197	974	613	261	157	510	498	632	952	899	62	243	53	225	35	790	780	311	479	233	878	497	495	13	148	802	583	457	434	669	118	715	821	708	261	711	368	68	234	269	289	348	599	489	652	632	919	714	919	688	353	156	469	553	35	474	674	989	996	505	746	568	554	419	26	35	889	459	591	465	743
180	423	362	267	231	137	393	980	903	871	539	467	20	593	472	243	68	9	746	419	532	92	449	430	348	623	350	182	496	817	540	133	379	169	471	426	797	464	644	261	505	302	882	971	695	887	436	501	979	124	996	597	592	901	915	521	375	407	294	928	402	555	660	616	24	922	584	286
