54	91	19	49	35	18	51	86	51	39	25	57	36	51	62	5	44	21	63
88	58	10	62	20	95	21	34	17	84	68	22	94	4	36	63	83	35	32	63
20	99	60	15	48	74	43	4	7	34	30	66	86	62	34	36	23	73	97	55	63	60	91	25
25	51	91	80	73	46	65	98
89	6	89	60	77	63	49	51	52	86	70	92	57	87	54	94	44	10	2
97	85	78	82	62	0	34	53	26	71	3	74	64	92	92	47	94	94	31	31	20	28
75	62	65	90	41	77	95	16	6	87	34	53	44	39	61	5	4	98	25
53	54	88	69	74	76	19	84	69	1	94	37	77	37	70	70	59	48	40	21
34	40	55	92	57	39	41	1	45	7	10	15	90	47	11	77	80
5	50	40	26	54	24	95	69	49	34
